sample_id,z,y
3386139,0,388.4423240165792
1012180,0,176.61192647462434
3248812,0,1001.867680274248
3810089,0,2821.721843506909
3921090,0,546.5018862729435
1914579,0,-30401.17688677181
2888531,0,944.2505463167134
1297226,0,730.0861122070753
626115,0,1603.9207845567805
1634950,0,1460.0734030664628
3679841,0,541.6608875936913
3951684,0,730.5321766888001
3022865,1,415.3050325968166
1690758,0,376.81142641598717
2607970,1,354.926959583787
3420745,0,388.7907020920642
751189,0,884.9865719094217
1536866,0,-281.5396068046286
1781837,0,588.0024659400403
3946252,0,588.198714871986
408520,0,3148.5077931373166
537222,0,388.37339329980904
3707454,0,1388.3289502477228
623672,0,1607.0927622387123
338667,0,833.0963770524088
2761657,1,975.4219095997889
422408,0,8845.967141821091
3803109,0,3818.6195171702693
397328,0,462.8786706341955
546650,0,544.6624620588418
1640862,0,180.31588950022555
903001,0,388.1921101814636
396280,0,1923.1709851409246
2936260,0,8845.451673937152
2848019,0,1123.952666286423
2135988,1,1254.6590579731644
2750986,0,350.7470259942183
3058372,1,2326.4564206228083
3143406,0,1139.4106953993519
972094,0,1842.152750479783
3169905,0,463.27988801908214
1313542,1,725.0361709106293
1330658,1,-21720.052711600798
2498117,0,677.7737938202504
923151,0,678.3752189518586
2719382,0,1062.0760255263087
1713983,0,717.8343894281342
2829367,0,587.6496841708513
3013054,0,-244.05741925613304
2812556,0,291.26575807976434
2577115,0,2545.2158039044402
1402126,0,388.306611517385
1316204,0,1380.9306715951243
2422586,0,1517.1074615185512
2650054,0,41.37462191895921
2480779,0,8845.593238173318
1488160,0,2088.627013142468
2560527,0,8830.440221503315
2059492,0,124.83248810553368
214737,0,633.6784615113845
3164180,0,1607.9181171760438
812575,0,729.8758007087011
468986,0,1320.2443744607249
3209445,0,424.7717593834864
3778937,0,354.040257105214
2019141,0,43.351667213406884
1167970,1,-29791.806549402612
271711,1,498.16322994279955
3075402,1,8847.180694619638
3033072,0,674.1317284826622
3947083,0,780.5422704689176
3121450,0,2265.1489447500876
1201168,1,1063.8783938363015
2918343,0,544.1485915171743
2905875,0,425.4292781519905
2992563,1,465.8281941922215
3212397,0,388.19001704439154
1949003,0,8657.213326343193
3653097,1,1235.3816016659516
3806920,0,1389.2303360056042
1293956,1,1064.854257469068
425824,0,47.688205586892266
550611,0,1061.5377062544978
2708849,0,41.64914374677137
221982,0,589.1243789935324
1751300,1,1126.1486544533218
2973942,0,163.4121449828087
2035310,1,504.87203655725017
973773,0,291.2154842661371
2716086,0,929.5156459961262
2142954,0,3044.504754904433
2444711,0,544.4339327388058
3872704,0,8845.566176525394
2919763,0,885.9249038536071
3291264,0,1457.3018497229325
2876930,0,8846.239706790851
1484498,0,388.658257099203
3930044,0,2444.7898202779666
2736175,1,1461.6347895261433
812004,0,-29881.961047439745
3793472,0,1459.0802959773328
2011262,1,1612.460810161479
1718241,0,562.5133904737182
2608128,0,544.3763293333916
3261113,1,1255.318014306742
3735684,0,1388.9543161784968
2619469,1,1188.8547884621437
3730861,1,101.89559482385425
2557775,1,426.4255672727595
712812,0,184.79416132730486
2602834,0,8846.021262910985
3148037,0,460.29500319265753
2962885,1,-677.590476743553
278122,0,833.326385920355
1118751,0,-21718.769216690976
2770781,0,1319.1118163639442
472500,0,8635.62299794624
2161753,0,888.602628852154
3748055,1,825.1737233341053
3415021,0,502.1890288338905
911617,1,502.53111024321
1423648,1,834.8029390026433
2824731,1,2736.176485846908
3270078,0,887.9130837077029
1545518,0,425.8077785542239
3376498,0,1982.5683412245671
2966305,0,503.18918301684124
2850882,0,162.2110760496058
744899,0,585.602987668017
549252,0,2178.732305378506
494899,0,502.8442038585625
598441,0,8846.650910630797
2135561,0,1321.5864497306877
3734039,0,70.26803070848523
2450593,0,351.0591097585089
2015087,0,390.07066496698656
3426506,0,209.17930862658426
437308,0,203.36651205669008
286607,0,425.37907405675463
2431590,0,1388.8594123453915
1292116,0,499.7358459498001
1435642,0,256.9058051033306
1312454,0,208.1377531317177
3756147,0,148.10138679374077
3721481,0,887.6970380350847
1017104,0,889.2721259858246
837218,1,2644.2996095962426
615695,0,41.0104004402408
1681067,0,1113.067960890177
2993060,0,2738.911250621092
476732,0,233.8698099751028
2900908,0,1123.8135657054372
268211,1,889.2732377663845
1397627,0,944.5289245465697
2001276,1,776.334412381406
3712797,0,74.31486968926109
3782831,0,1003.1907776550486
3020677,0,944.3248751815078
3936867,0,1390.3799984020234
301947,0,1459.31777322879
1686138,0,4925.458716583847
1588661,0,2267.8172936732935
1880961,1,-29173.59052816003
3745530,0,321.2718594285582
2552732,0,90.16454854623278
229297,0,544.2293340428445
2182498,0,227.7157745775865
1542430,0,-328.6207277520031
1684196,0,1042.3478272480381
1948143,1,1178.1580326950266
445318,0,929.7015564187674
2908410,1,356.74418202871533
3421488,1,141.71141120523205
3208944,0,3818.9207762939755
311169,0,632.8776640772355
1708292,0,81.33705365684825
602004,1,289.63738076300933
2873999,0,1460.863576727093
533683,0,1123.209859839574
2109631,0,41.850202140073215
3162213,0,888.1121529819151
3143870,0,633.7477186934781
2506342,0,588.2032340238969
2991463,0,1064.9363403004597
2198306,0,395.06021539715516
2476746,0,502.3395603558976
1829188,1,-29883.483948956567
693885,0,1172.4541941974305
222772,0,234.89128534219932
809479,0,826.1949759990124
1118296,0,-29104.963403596335
1429559,0,1761.6842492950664
3891518,0,945.3928636687275
2412527,0,118.56888952898136
1377473,0,208.45462461069945
2854835,0,2091.05522869872
2639377,0,1127.5774117606552
2524221,0,680.7968331186247
2679620,0,503.65045037983117
1625058,0,384.86704630492505
1941356,0,8834.404208484333
253277,0,1253.2341406441521
1113319,1,-28298.329484268186
1094338,1,-21067.004253041014
2498162,1,8847.315398455517
371943,0,320.342020773988
1959343,1,878.8894816488313
3123276,0,1123.6504068745965
2136099,0,501.9878296661583
2655273,0,567.4739391386817
3367337,0,321.0160704993515
1819337,0,-30019.359640777704
412034,1,1254.485811228473
1977833,0,768.5076739871781
3866849,0,543.8911300088685
1528441,0,461.97546078938774
2546552,0,1532.4259517319504
1420497,0,234.2918997251834
368376,0,1606.5822055642916
2244209,0,834.4579916428369
2432118,0,388.4249242005669
1104133,0,-30401.746643563394
1832317,0,-29309.857282717418
2886091,0,8845.851601017408
673859,0,1254.2134469381292
1079625,0,-21717.855275255923
743617,0,321.1712156287177
1036678,1,3925.5979832222574
2222642,0,313.31635302133907
2836564,0,548.40812857897
2043513,0,1269.2849103484516
1364313,0,635.6573354397565
674613,0,588.5786553172608
1391818,0,633.763974759682
3337175,0,1460.1787582827744
1310643,1,1254.1477689662686
865694,0,4057.9364392697757
1020344,1,3150.943096424349
3256433,0,634.4386541891109
2662064,0,27.14963527871876
3875758,0,833.9163233336634
3848198,0,389.6667919751147
2576444,0,1124.9853606279
376883,0,1252.8458569901509
3030342,0,42.671297759853864
1121115,1,-28555.093248749985
1562179,0,387.9143806401911
3198192,0,124.58718198125804
3810362,0,620.572959841751
1211463,0,1521.0937381386957
1746405,0,8831.723376379616
3023670,0,32.09007206154831
3693837,1,8847.226871275761
2855517,0,1561.475386677539
1644483,0,588.1174978403702
3247565,0,2358.3839798792874
306028,0,8846.225374441055
2590060,0,1987.9830110443534
3917142,0,887.5616286950941
1980730,1,40.99842853005662
1614152,0,1254.1330468726408
2604728,0,8815.115764039509
1981578,1,878.7904272641886
1516970,0,1460.3260027602373
402624,0,207.97704311102208
3108668,1,836.1399133796897
1075353,0,-29567.41013800334
1586640,0,545.0849824762927
2781550,0,1388.8122719780222
2047964,1,2745.5218215741556
1695446,1,8834.698265033625
3008813,1,1534.5489924840178
400524,0,1253.170974475308
2824861,1,43.37337746079462
1779524,0,1319.7856694394416
3761497,0,457.1020256131544
3195387,0,1184.7011131669974
221805,0,1760.959802715377
2808279,0,1601.72655439338
1811643,0,-30213.06162446142
916966,0,944.308879859827
2923100,0,290.24340732470637
2165595,1,8847.325284617447
1781224,0,1391.352767557046
3742549,0,353.78708460663483
1474112,0,279.31686700990537
3237451,1,1461.4466248848046
1702143,1,1751.181152485687
1746153,1,2008.5937652832033
2941090,0,726.8112726546657
735692,0,503.36347597753854
3313023,0,1760.985918584761
902810,0,385.92136291578385
1465354,0,939.0111273502749
1024689,0,1604.704467358069
2257398,0,1190.16729877452
548643,0,941.6070232343496
2762512,0,1039.8042606949423
2195522,1,3150.7553061280823
1723796,0,499.9385980689811
2772930,0,588.0616661197998
3130179,0,462.6182543682166
3333642,0,387.8315064101741
2179465,0,8849.922274956809
2682901,1,1990.9536822811792
3696434,0,462.7510164817862
1164826,1,-29777.59254247449
3374544,0,81.08902056405452
3150949,1,1762.7831241068068
1193316,0,463.39909319455353
3144543,0,833.8303928133912
3392509,0,544.1816441862728
2440703,1,834.8519107666389
205086,0,1679.6892241673324
405500,0,502.8577754381871
926075,0,1460.4313499303298
1324721,0,1062.2748917798374
1443354,0,1532.1834402446298
3703714,1,7577.855869789715
3191544,0,289.8951728168682
1162185,0,-30243.646999215904
3444396,0,-282.528776629243
3221744,1,609.0534374690576
2975345,1,1064.1543275155925
1647080,0,536.9787801644529
2788418,0,833.7897134687588
1887872,1,-24491.287944773187
1078632,0,-30175.771507780097
3875909,0,291.5538132497488
3850301,1,593.2864312131234
3776602,1,1125.610731238971
2394146,0,797.1407333561358
3428095,0,503.23752289125713
368132,0,69.66759475722567
620245,0,2006.4133637780972
2534964,0,93.35902741094665
624207,0,833.1096331640414
904167,1,1274.1181317467451
1311401,0,1002.5325338588789
2459993,1,546.7647854384649
1001601,0,2355.441859849331
3167333,0,1000.5323785358391
1097402,0,-29622.97928164638
1399299,0,463.6940042739698
239310,0,1389.0740000818987
3059605,0,544.5318013303752
1549502,0,733.5042539249531
3537690,0,463.17416670446397
585652,0,1451.3045992851637
329629,1,1126.9532506526452
215362,0,290.1747754533492
305751,0,93.77228832298432
2984033,0,261.19484130653615
3875963,0,178.35649080003148
1473411,0,943.5665496373288
2630212,0,1123.3756493730934
3327484,0,929.0102355961983
3867798,0,1320.0718911226306
2754489,0,505.04266333597644
1310859,0,142.2172516506774
1222800,1,126.02389890775598
422092,0,387.899347304739
3043603,0,8846.227463356245
3723159,1,211.05804451421486
3129700,1,589.4164709866869
2655512,1,832.4056895741264
1103242,0,-30523.84396143254
2435797,0,459.44375123158557
918887,0,587.695191018305
989175,1,1189.3803171364216
1032786,0,944.5638684412074
3354827,0,635.032184360963
1324816,0,680.5471561846624
298296,0,503.40865329086023
2056816,0,1461.240540397827
1820282,0,-29103.373180446095
371726,0,1388.5578195894784
3674861,0,42.26542131397718
1453097,0,1001.8860373792922
3507991,0,3258.2004444575505
2001491,0,162.75129177635787
3100705,0,634.0144546077248
3111556,0,80.88564708019722
3210867,0,62.09345981193228
3510533,0,-881.9326496510754
899576,0,833.5304676683935
2510803,0,1135.8715994551092
961919,0,634.9759434319295
1330299,1,635.5832615223762
324965,0,1184.152850359027
551455,1,1842.528507460013
3950629,0,2358.1986456066934
223521,0,234.27608152694899
2136168,0,864.8133070099193
2183708,1,503.64015505514556
3428542,0,816.3816080325958
1669469,0,875.7251184159999
2801219,0,353.2942361035529
741425,0,1120.8035186615557
3717135,0,681.0958215867066
976594,1,209.79524263445603
3291695,0,1599.3489951241215
1303653,0,-684.5673226880423
1011020,0,2546.2315001057777
3866105,0,687.0970576062538
2509517,0,1837.662731327205
1998980,1,235.0929176841821
2937096,1,8848.625597382796
2937871,0,169.710890013213
3022920,0,41.29020756017988
3943412,0,389.69951091735123
1153781,0,-27415.10726494914
1964617,1,8825.640382760213
2569339,0,1254.0150026626238
946844,0,940.7113924651592
1407176,1,465.76066060690465
996570,0,1252.867508307902
1453172,1,1437.703662417225
528477,0,462.7627008803749
1850403,1,-30301.430391825423
2778568,0,1760.088575358216
1909184,0,-29930.512703606353
1445424,0,184.68389231158469
2476098,0,731.1644781677451
298319,0,1124.300878714576
3536543,0,1582.5225254055033
3396843,0,2267.1971701978746
967951,0,633.3112097972707
1771622,0,1181.5643740088683
536495,0,425.0379613210883
1865955,0,-27622.549060023808
1988554,0,833.3851894670021
2492955,0,2893.9233664124263
1631482,0,983.170861810108
3834365,0,887.514848936573
2414732,0,926.812784860952
1438755,1,780.0431338190692
1104244,0,-30175.099391680273
1001511,0,33.41096686070057
3016682,0,1434.8119575530648
719067,0,774.7243281087377
3332366,0,592.0408912720626
2608690,0,502.8019239987411
1570983,0,1606.8986180020106
1022087,0,3703.6073246290753
827678,0,680.3719223135231
2472242,0,1390.5809389952783
3420219,0,833.4773952550848
3320517,0,833.6129607494832
1613891,0,290.1249202031483
3748179,1,38.94783433069599
2154108,1,1749.4336954480668
1434221,0,354.18961163964195
1228291,0,233.5080507861706
2783133,0,39.04130491218641
1519524,0,464.36474633843034
554639,0,830.74048978286
3412457,0,633.8179198624472
2394471,0,6510.079898514829
3184194,0,2739.6796203803747
2419534,0,27.132402128106023
266884,0,1188.3265187602422
1281210,0,1188.0689191203373
3123457,1,390.3304465359212
711430,0,834.0680673991812
2533018,1,1171.304986417969
2671969,1,3820.519926927154
676877,0,462.82859577431606
2604914,0,1254.7973148919
2276917,1,43.72270069731705
3652449,0,730.139006064235
3080479,0,387.8327463716675
2004450,0,633.7298452540933
2019945,0,354.18728406046057
1077992,0,-29730.536687882945
2819068,1,8846.770618653685
1384209,0,1532.6600064454142
2478655,0,41.959958340309164
1479529,0,388.2682520634502
1512632,0,424.767609442586
2238112,0,680.7836158132013
3135311,0,2091.1816581352587
1597701,0,503.7335228145875
642499,0,67.72245599699515
3051398,0,2089.5496161855795
1750040,0,502.89682244234734
2568463,1,783.5938028468214
591294,0,833.7912053184508
466664,0,379.03452714063235
1105862,0,-30331.210081695514
745640,0,1188.3662885681133
3002646,0,727.5669601549755
395118,0,1003.0584503861073
476944,1,589.9878240068991
894450,0,729.6001388226393
3045528,0,1319.9931314417936
1414052,0,681.5293172318371
408444,0,3044.210103501042
1390820,1,8846.81422504176
2176569,0,2740.4681046114097
3354049,1,1533.8126665420787
1277974,1,735.8484567383239
1348551,0,1532.1613628898194
661939,0,1922.9933721178834
1019553,0,1760.9004335047955
316349,1,2841.3904912833837
485881,0,1684.6169975706205
1759953,1,947.7943469302229
3927493,0,1761.6288584331596
1866186,0,-30439.82979548917
1492711,0,633.11900322942
2139585,0,4163.248080783606
3118289,1,8851.50714905622
520925,0,833.757031751333
606704,1,4428.111290920237
443607,0,97.0295712015934
3449408,0,289.5824186636976
3749670,0,163.82392324225452
573480,0,387.7993235877995
3160383,0,1125.3620009305405
2522487,0,3933.8844978315674
2938564,0,1460.0300446080278
3336069,0,1060.4158457148003
3233011,0,388.67522965812276
1905838,0,-28880.340910150306
3226316,0,463.8912359113197
1812707,1,-29240.856308875987
2870762,1,143.9820582799683
3240429,0,2739.1247079294812
226440,0,780.5502470642228
510331,0,1062.220328008203
2606471,0,2006.1049262690087
993293,0,633.7404911681042
1010641,0,833.4929405093081
3302625,0,544.0698190862245
3056949,0,2091.1322747118993
319548,0,1001.5652014144899
309981,1,2546.4150817237096
2557786,1,503.9156544097247
761448,1,1528.5567793495184
2791938,0,834.7255451411656
1946591,1,9481.89551948559
1962793,0,1380.6010091154342
1392322,0,1062.0442150070767
2245510,0,781.6278110129762
2483985,1,1608.1897636303863
910873,1,503.984195246171
3309244,0,544.0279567116236
1260565,0,3043.895199338351
553813,0,588.7562741906894
3244884,0,109.93470942038998
2669905,0,8845.1665908104
2203104,0,339.985261214647
974220,0,389.4042829658807
1946325,1,277.43512911741965
740911,0,289.49520283884203
1872248,1,-29727.721204254885
3166928,0,834.3421137089193
3687646,1,356.03775458084647
2639637,0,986.6006324612472
894615,0,634.8717153467053
3342641,0,1854.378727140689
3007442,0,1389.398398221962
1046973,1,-21065.282533224312
1572111,0,-26.09638179981848
3079583,0,8846.514778168459
740664,0,730.8905511679916
707650,0,2178.6985528937594
3071769,1,8846.748943571654
1301784,0,1460.6182720240188
1082330,0,-30522.4005020909
2242634,0,52.914644032776785
3783520,1,1063.9671691977292
1254667,0,805.4605552690597
1150735,0,-21717.385856191384
1045018,0,-29438.35911143347
544677,1,324.4200445176227
1685729,0,2928.165685254666
2589109,1,946.080523165127
909842,0,163.62776127897612
638883,0,233.88848420213836
1588789,0,163.0272828747153
302145,0,353.8910507434667
2571077,1,945.5716995364013
3030584,0,463.7938256891353
1233238,1,835.0991929005985
1988995,0,1124.316035314065
1744357,0,42.92466274298457
1075381,0,-30139.063629600416
2526453,0,3244.512762341242
1456793,1,8879.966789609156
2629337,1,1454.525191426217
1339956,1,1456.591654834562
485526,1,834.5559371456748
2902255,1,1170.6689227134825
3326691,1,288.32055294560473
2854392,0,2628.413349986948
2601290,0,587.8745796324786
1211357,1,635.8856569265687
959044,0,462.9534985279826
2277009,0,8846.478876306417
3948462,0,295.89269044011616
2485960,1,1461.581664923606
2121342,0,582.0749514322168
2234787,1,1184.2784280767025
2527897,1,1003.3894884060268
3002500,0,1282.0575857744197
2798455,0,185.26701719983288
541178,0,80.36487234223567
393651,0,1235.3339905359444
2690675,0,889.3025929417628
1848168,0,-29174.78500173907
3399813,0,833.5493790035665
2267117,0,1320.7769567904998
1109732,1,-27085.44624352322
1200522,0,2360.5765421271735
2793025,0,681.053180249341
2916380,0,1186.8765843933922
3057778,0,424.98847411730145
2536193,0,1182.742444626121
1758420,0,1384.83990257262
2026912,1,1532.4681736151435
2643361,0,72.27978654528133
2963549,1,1553.1553848223662
3161244,1,503.941821219503
2159600,0,730.2521198916859
1817831,0,-28726.229771936592
1694868,0,1828.9239538916547
225605,0,1120.8315161669784
2190079,0,726.7020583208154
952653,0,826.052981113846
2739515,0,3818.6609774588537
585498,0,1189.1747626884976
2278055,0,4427.566183095765
1432789,1,2265.9413973664336
3539294,0,1785.5088049485894
2810290,0,832.7250434680521
2714491,0,503.01033730606633
1953728,0,490.63682784196686
2463136,0,833.2739284837534
1547894,0,1125.4496976142573
2265573,0,382.87981158993233
3668509,0,269.1970453382862
2722396,0,205.10538076915952
2784171,0,127.85062753611938
857796,0,502.49963434802845
3904077,0,417.07986509572123
1647483,0,544.8173928795864
480824,0,183.74855150696024
671033,0,2006.5560248620686
3195707,0,503.3945554365911
411718,0,729.389584170036
414503,0,944.5782778311084
2857648,0,1305.8229725479116
453663,0,1319.7067731681416
2675546,0,290.4556765982206
1478460,0,2720.4200570949542
1294572,0,729.74748872446
3659741,1,536.8146915706775
1992220,0,262.0623817014353
548036,0,633.9096209171479
3186144,0,833.7646085744037
3270789,0,730.4144014673443
2591746,0,1124.7932884361849
3158772,0,1252.5996735672343
965479,0,8847.486282131504
1876938,0,-29175.111844343595
3682739,1,1390.5516107670446
1515422,0,1002.0262881281881
1662607,0,1464.918144486219
3477529,0,388.41245499793996
3704458,1,426.2588222513998
3208223,0,185.40092342791846
3672032,0,912.2814435445349
2940449,0,8761.102401123937
2679628,0,1683.1617713771038
1200227,0,1187.8460671004555
2980146,0,181.56059043790438
981860,0,620.3085488073012
556026,1,419.01168346399515
228713,0,1123.9304628933746
3693864,0,1841.8600667953283
719048,0,263.07750846760473
1704080,0,248.99776104484772
3796972,0,1188.7855821683631
941163,0,293.05795452209094
553937,0,1840.3701229827416
3063328,0,633.6701863950952
1742921,0,588.9617892476888
801704,0,1316.538570126416
1408510,0,124.21018394379288
403227,0,349.21925355638564
3051138,0,1387.138018818346
724976,0,234.38430559117717
3441538,1,2452.3505356695064
2250420,0,387.83595501311356
1724385,1,1254.6971297920647
1617850,1,890.5560552980156
2743188,1,259.6894469484921
904106,1,547.6898145065271
265006,0,321.3697962855046
3212175,0,3040.053123683863
2660533,0,41.54435522019582
2465349,0,388.84435629560613
2638004,0,4679.768478044921
425897,0,1061.8502066846843
2217907,0,337.97269961231484
2752195,0,1606.2847925416393
1329220,0,260.869787254848
2206977,0,1188.7191332057198
1683045,0,8657.503347794516
3429619,0,588.488433508822
1960538,0,768.5097834700229
2426599,0,260.916978677154
1963165,0,1661.0231831988337
3957110,0,90.04794393454634
827675,0,234.95945545732772
1458705,1,2834.989929236268
1597727,0,405.4110813780925
3408779,0,1120.9357111449624
2852498,0,1388.6766463238037
689726,0,42.15732485072863
2665866,0,2227.048222093578
3407487,0,837.072920228599
230559,0,4057.7624462967524
942386,1,1719.2891705277495
3859879,0,164.25637754872474
625598,1,8846.750454436591
1877465,1,-26260.47138004973
3090432,0,1319.877884166762
2920912,0,1249.259448461082
471805,0,1319.93004540628
3295371,0,404.65505869594494
3944080,0,8846.74470630555
3274737,0,1090.004216537848
340892,0,888.2121377823562
3505809,1,2269.8849552257766
598170,0,780.6483674561448
3653015,0,233.50340458341927
2835462,0,1334.756588924944
3781753,0,4189.487551142904
2415491,0,386.55146711783294
2638555,0,41.89817215593011
208007,0,185.39777490392916
2643698,1,2543.695943044274
528374,0,1458.8949666294327
3671922,0,833.9048589980846
2588411,0,321.30136589546703
2397607,0,215.63350237616956
3279259,0,290.10217984771344
2904723,0,417.27856136290364
2989569,0,461.2101874934797
2838512,0,508.44862933231224
2527576,0,3134.1884222174263
1078082,0,-29783.50607902613
3539695,0,2931.340146337453
3115142,1,8668.82130570162
2929700,1,835.3646633219031
2915793,0,2641.8684980137914
2519246,0,786.4933053652088
875247,0,1609.2723479266228
925399,0,1187.5454765828522
2568097,0,463.16180690310654
2858076,0,944.4986075821563
1366444,0,855.5411585757746
2880788,1,126.68485534924585
614698,0,1187.333768433252
2230321,0,138.2095787975495
1826906,0,-21717.174845712834
3483252,0,52.734189309298884
3455591,1,836.7094006878907
948970,0,1922.402705633902
2906549,1,1063.4344767297214
2489752,0,183.0758396846876
2024018,0,780.8385548939485
2650566,1,1537.9948912259663
3215764,1,1534.3075113056068
200511,0,1123.5654589665082
3536506,0,634.2638641779332
1063254,1,-21717.321208059457
1536888,0,144.79086211578746
2720880,0,335.1550461901812
3523570,0,633.2753476878988
3136188,0,1532.4219361866958
1556085,0,834.5369534021819
1223046,1,1125.3111514778218
1937274,0,42.59372994760186
2500336,1,504.60892001202456
814334,0,36.073047126203406
3483678,0,184.17352479412182
3733287,1,1609.7866988693343
3486999,0,2521.899751227437
3779901,0,833.2327143874106
3694907,1,43.32259012362093
1912157,0,-26862.493210531266
1960970,1,8864.788236426513
611448,0,1188.0121164167904
3878903,0,1003.8081769069482
314589,1,1190.80190753169
3731800,1,1318.5573811334568
2922528,0,-90.13154240644879
1837207,0,-29102.53622469803
2448332,0,2267.7810532472417
3721104,1,835.0979825257676
369002,0,2677.3533909593043
2017594,0,1321.2176267277443
839695,0,8845.158363698278
1397537,0,108.30633414854837
2113176,0,-625.3165857796158
745835,0,544.6210608089553
207029,0,8845.115965066658
1398017,0,-1122.297144124976
2592955,0,682.2562010486347
3538762,0,47.836519146334645
1780046,0,1254.194141245159
1703699,1,8833.184021205936
3177117,0,541.5102197455723
1439142,0,3260.7062162463476
591100,0,1187.0919669026368
3547296,0,715.9981538837925
1314850,1,2625.62929237749
3300527,0,6219.417649142926
1782527,0,729.7911416869242
1396553,1,1061.5625449555107
731752,0,5493.596597485415
3176418,0,588.5461803105115
1627400,0,1187.7412023535805
1836170,0,-30330.079591592967
2140072,0,2267.1291350913084
1083506,0,-29104.177539353055
1054038,1,-29028.67140833245
622122,1,589.5430634432163
583601,1,8847.646541397819
2544667,1,46.082456560287426
727801,0,731.561885611956
2221464,0,2545.0015263908813
3473673,1,8845.411387578435
2118486,0,4058.595753225038
574975,0,42.09268625791678
974147,0,502.2260807051574
435396,0,1124.341487389946
1098410,0,-28469.177666877134
3240985,0,633.3547841555514
1523602,0,1066.5938195947356
1201842,1,946.2325493050013
1002647,0,8845.5534338113
835398,0,1748.4334053410435
3176859,0,1683.3145806691716
1789577,0,587.926733047303
1862761,0,-27921.241124103697
1620419,1,635.2338659578321
1171249,1,-21066.47213952786
1320119,0,545.4477602076173
3154132,0,588.1515013034611
2441439,0,93.73861482587343
1373872,0,354.5957262281493
3532103,0,1922.6751583103758
3518692,0,680.7316000853392
577032,0,8845.617949823301
3657689,0,1062.3592535570435
587288,0,185.7772311968283
3291638,1,2742.2883423498206
2517727,0,1125.0272061063333
3412261,0,1831.128841379914
1689307,0,346.2184242331775
3877845,0,8846.241440379343
2948636,1,196.50364496661444
1014254,0,1388.6772304416008
1912527,1,-29176.719177210354
2486007,0,-139.36491662024224
1648738,0,1376.2079229882772
751311,0,830.5223192694657
2893086,0,1244.590439017761
1714267,0,8835.12485951946
2112192,1,145.65491220748982
572920,0,633.3472688984871
433112,0,3242.6772288253073
1711788,1,1129.146586990318
3690904,0,321.1032930442204
1699984,1,8835.765119848455
3004955,0,125.23301643762115
3707146,0,944.3537323370706
1204918,0,1061.9731202013447
3695878,0,1252.8454764687624
2752660,0,-730.2260369363212
694781,0,208.93739916799
3957835,0,208.96507966481764
3371819,0,1063.8850667807214
905250,0,40.12171072039439
3069420,1,123.03717964445504
2184874,1,2001.6726082075584
533692,1,1125.8908129402157
3288383,0,1532.7269200565152
2547117,0,260.4459505696214
3844267,0,1123.7575653392307
3789447,0,1000.7992702664689
852441,0,462.96259953192487
1438729,0,568.2916929894102
2990612,0,1319.4405974520653
1004907,0,588.4261764081879
410916,0,833.3575495943023
1837105,0,-28296.612395323977
1962851,0,410.41565204351116
2064736,0,1253.011304919456
679141,0,619.387749769205
1342572,0,682.1266176281129
1422079,0,322.456261772967
383501,0,348.68869505489596
3209638,1,834.8147453742456
424854,0,544.5475337465789
878578,0,664.4457323774076
1862791,0,-28293.27827900741
992597,0,1306.05479998494
2246694,0,70.02384894321604
2216150,0,549.305619965632
2392222,0,462.3446242619455
1113872,1,-30354.12569858953
2554722,1,1125.4026691074516
1679754,0,1562.0179618637128
1467810,0,1683.1301845178223
804721,1,2004.2371783778133
2662098,1,123.97292642047644
218889,0,184.15881976186878
1073851,0,-28725.229903254858
3169749,0,4051.1639956532727
988627,0,1002.6252792404724
3303502,0,1607.231705296818
2279742,0,-721.6139362847679
460839,0,261.2107771482661
241909,0,462.3608058407605
3414384,0,2005.4218873206771
1648763,0,354.8637943878691
2896368,0,460.31843439553853
2453662,0,832.5765209467993
3831850,0,2095.6061991962697
3099885,0,544.421729718849
3141773,0,546.2501136472993
483665,0,1603.9416955302231
2454292,0,1320.522257088858
2423313,0,350.5865283075257
1164074,0,-29314.864056310584
1030077,1,547.443899787927
1728986,0,728.9551260628137
235461,0,1003.1249500663826
3542220,0,354.0873598115482
3087847,0,502.2162782218598
3097668,1,2940.3942464370552
3513360,0,347.0669672114789
3056126,0,1459.6443624672222
3129882,0,3838.171663870973
1524993,0,8839.364302584627
2206874,1,2270.3232704247375
2227156,0,780.192111299501
1278897,0,476.47591239535996
2483189,0,60.31346244285522
1597673,0,589.1432402759597
1159069,0,-29729.76295933379
2822176,1,8848.215439417145
569267,0,2642.309505642002
2177214,1,450.64889531884984
3318895,1,834.4579801302541
1117315,1,-29673.87112556989
2734187,0,127.96174741756734
2218908,0,944.1687901784542
3197508,0,-680.6062175552125
1371581,1,187.62228206111956
2428622,0,1988.1700178575625
205608,1,504.83774017184794
1195831,1,504.3589015841327
3543362,0,1762.1321718787462
2522883,0,468.38852735655996
843666,0,656.8382727777358
2393707,0,1249.2852541221475
1544596,0,2267.6584806371757
3182806,0,50.22264577210611
1242449,0,354.8238851864835
1956000,0,33.0143543821997
2414686,0,4342.560698489039
2850926,1,2643.55157056325
241129,1,835.3891772010826
624014,0,388.2860257221939
1505397,0,832.7217760873623
2186061,0,463.10144379112313
3438114,0,375.9103749140945
605373,1,1063.8125286728002
194092,0,636.8561132994246
2642282,0,2726.231906589367
2972569,1,94.07219527080731
500038,0,109.12125569671429
3836524,0,727.7910922197851
1303426,0,2006.80110837941
3889065,0,1922.738003499205
1589716,0,677.5652360714953
3754766,0,943.95436894406
3803563,0,546.0759491617479
3744002,0,-1242.6465557101503
3233488,1,1461.0231464618726
1627668,0,548.6501039628251
2681203,0,1320.6058429404366
3689535,0,-1087.2362901022777
222360,0,833.3402336740268
1809396,0,-29931.109228252295
628096,0,1187.1823100140384
2560966,0,211.32791436699037
1038775,1,2740.7974323039075
3069253,1,8841.30672947986
1286310,0,2178.608672772434
2640120,0,10.749081609040733
395530,1,1123.205879406718
473432,0,463.086933976242
2576483,0,493.7213810355767
3078982,1,8848.187425221438
3446580,1,1253.6944545680324
252227,0,321.0259574915113
3280229,0,1607.3244398279735
648567,1,1447.7188951455087
1896892,1,-29832.127804381078
329390,0,1124.1491006918536
3043481,0,30.87123817689802
1281148,0,670.7956841209348
3458530,0,268.45142255394666
460360,0,6521.77053485855
3400324,1,835.6392188703738
3359943,0,628.6974576000241
3115524,0,1001.9536261582592
244365,0,425.227485328873
2861270,0,502.23858435607855
3944794,1,389.8281665297333
1030981,0,1457.5822625225667
1747300,0,625.9510215211753
1497403,0,426.53310432932034
3485338,0,2267.4392952430894
1506813,0,1747.257623692596
518802,0,2544.880862053172
1249821,0,803.8664191473414
2456258,0,3937.919263787634
3438481,0,545.3116562037235
759467,0,1456.9021762821883
1890826,0,-27625.786165361656
3883812,0,1840.550330970766
2989724,1,2542.8674348118134
653183,0,1124.134560997902
2577671,1,1390.392435939479
695101,1,-19384.22060752362
3959483,0,8845.133150845533
610620,0,462.76939046128865
806151,1,1842.8209498264944
2624214,0,2839.2508373707756
2689915,0,1841.152676025364
1788816,0,1254.2607820032952
3912671,0,425.0245883806517
1144824,0,-21720.472827830734
3843211,1,1313.820347709637
2211335,0,1574.8615430715217
3172391,1,1125.1997558661246
1811271,0,-21717.668813429707
3010143,0,38.67907046456054
279123,1,8847.97819292391
676241,0,504.14872005435245
1959849,0,309.0067386801113
2891499,1,1921.5735748933746
1769960,0,42.71980607906408
1412321,0,1761.1100288375437
1452844,1,1844.2752223130142
801640,0,179.71876826183944
2817435,0,8829.957743394109
2639877,0,1121.4863665855987
2696098,0,1533.9455670102034
3922236,1,589.9142179049705
2190768,1,1251.2147189852114
2769471,0,288.7666911996152
2980165,0,41.387995998981395
2692185,1,-19004.556426137264
1659988,0,1112.3257464187154
1055874,0,-29389.411428453153
2563947,0,1324.5264937752938
1431449,0,233.76515423503332
2841078,1,1839.1653873255232
2796513,0,1840.7308913934162
3919612,0,44.40204330824204
3136408,0,944.6896268975918
1781746,0,1123.8333056095619
3333885,0,889.0307128418148
2394865,0,342.4187710693821
3019228,0,503.9631747803875
1456883,0,2181.8529859348937
742245,0,1252.1504086287562
1433903,0,1530.0470129244516
3218102,0,945.6244919399892
434738,0,320.8789520232117
2809281,0,2179.893330580176
1943089,1,8832.584630500029
1099824,1,-29438.442239948494
3678819,0,888.6785199169242
2118246,0,462.316261811999
2710587,0,499.4799118667949
3147853,0,1841.993676811778
870475,0,1123.7489218525573
1238041,0,2638.047746713313
597272,0,2267.495775953153
1944567,0,1047.0216134994455
2718096,0,-282.1283669844795
1130863,1,-30521.546207643376
630290,0,1683.105969298403
3106125,0,685.3772067207254
643857,1,-10577.400111211675
647683,0,421.29949338450547
2390953,1,1189.0702970551022
3959828,1,589.2333407839513
2889690,1,727.5143568669212
1500229,1,2007.5879675615122
3204712,1,1609.0607543171045
639829,0,780.5356421306622
1209645,0,1187.67777603154
874286,1,8847.545371997841
3911336,0,207.64425650597104
2843258,0,944.6452239038675
684303,1,2547.9989468101035
313600,0,1459.6808511907714
614641,0,69.75948442189244
3912369,0,425.0472403101405
1828690,0,-29107.462392761976
3712451,0,1188.0020713717138
1772764,1,8848.689949794494
1685965,0,8849.720017403166
3164889,1,835.0334141267348
328081,0,1187.107153248957
2139229,0,1252.9926902866437
633261,0,1252.5817815920666
2621976,0,467.410788793671
354156,0,541.6675859763872
1674894,0,-27.28965383235151
1997848,1,-4018.0956316213933
2875369,0,27.64720680006905
1454605,0,1002.3122272181504
3079530,0,3937.887660969492
3743050,0,2293.201783484159
1675498,1,1113.9180733073226
2458738,0,123.11175764262246
937708,1,1125.7514908686649
2821254,0,591.7477672242458
688290,0,118.01765225355118
2252419,1,842.8426351761229
3178744,0,2178.272011169776
844388,0,8847.166081328656
3024451,0,1927.285236312428
2261989,0,1062.1859805176493
3125799,0,832.5896965419606
2405072,0,830.5688144521322
406968,0,2269.152192539789
2255214,1,1925.350650825806
1138734,0,-29103.166390011065
2965552,0,1002.2027572241825
2752050,0,2216.116282667966
3849142,0,2739.5876317677616
326966,0,833.5755154741095
2113814,0,3253.2322561769497
2016342,0,8846.444962788573
3376396,0,1003.1179772871238
206008,0,1606.8487283532581
3952310,1,1189.524492133983
1431539,0,1123.692615097399
334413,0,1607.658370396058
3716078,0,385.43132120602144
3215977,1,2269.5106592789216
2680484,0,682.9606136976139
295498,0,887.5812005725791
2885487,1,1125.6036696945973
2280686,0,8851.289081355626
3244608,0,1660.4298972046397
2241473,0,633.6691447779029
2890875,0,2180.153613654968
421143,0,545.0599796573835
3248106,1,3151.2870664742923
3889894,0,395.1115642815569
3853317,0,1002.3165251912111
2566888,1,8876.881861106667
271012,0,1124.4554583759511
637307,0,1187.1847042690447
3223710,0,832.8285725361604
3364404,0,261.3266651234544
2248223,0,168.51136313796857
3958141,0,208.0403397661042
3731413,1,1842.699320560467
1720983,0,823.0198003814289
1107811,0,-21719.39257762859
1056852,0,-29378.894311965552
323453,0,8845.986362166146
2766349,1,1494.3856650412893
324915,1,1063.9009326491948
194861,0,41.39503378866246
483534,0,634.9221479497398
1735232,1,426.31563538925053
746896,0,42.8482810571267
3337770,0,389.5816549660404
193469,0,888.177804071224
610887,0,887.476266660841
3803092,0,2739.0835114131323
1624735,0,1449.3772947617476
3064436,0,3586.8383169056574
863000,0,-27518.56210184773
2935878,1,504.3529397277115
2243123,0,1390.3386879339891
3315912,0,730.1382438235526
1760692,0,1460.3413487208638
1643454,1,504.08234271189906
3453216,0,388.1708565994736
1711428,0,8834.410314917397
1912639,1,-29439.318653109316
1727719,1,782.4084894134425
716782,0,1829.3792647461532
2848985,0,532.9341007361201
1723080,1,11578.166711342094
625770,0,93.19708364097119
2711257,0,1317.9961522793487
1953172,1,620.9972677288316
3310998,0,233.89896743079683
457600,1,834.8275090441595
1088003,1,-21717.501690505487
2412405,0,2267.896663824743
1874697,0,-30064.304137168136
1518118,1,945.3198566897555
3476662,0,232.98043423260208
3463197,0,389.416423674485
1288592,0,633.9046580468994
1384187,0,355.9012633890819
3117176,0,2005.7973381751765
3780256,1,5350.876957840471
2806150,0,283.0132479841454
2670212,0,620.9168509090644
1765386,1,186.34797171613457
3704923,1,589.3060565635805
2166556,0,231.02183418444488
2172932,0,3365.157648115597
488545,1,292.1886362046389
200563,0,1123.312541661155
755698,1,1125.3618252989645
1250561,1,503.8651239688985
3375692,0,211.33223271814433
2615360,0,-15.882791028389898
3133072,1,390.3883039403515
704927,0,1251.1549558644328
3151280,0,634.3439496850239
1099238,1,-30059.344430966645
437270,0,260.82279409960364
3711840,0,261.2893924665697
3174185,0,681.865477443593
1906717,0,-29730.693899506634
3371689,0,588.6139874663731
758088,0,831.5403843522646
1376776,0,1760.9540035375749
3539836,0,1187.243056108256
1998324,0,128.59017844508836
3835142,0,645.482514317288
430728,0,291.4395273808205
3883795,0,588.1384824573441
3401960,0,451.9332126552735
3459499,0,682.5578765346551
1234174,0,187.16850296342062
408767,1,464.81252498331804
2173238,0,-282.34495510688515
1966233,0,669.0479776424073
2272735,0,2091.514247529313
1982546,0,2347.5292519439186
677186,0,943.9118667720558
2248779,0,467.4429447751655
277801,0,388.3600151872525
1649459,0,-33.7625980571394
3846554,0,353.36412249142154
2819404,0,1256.2088212454116
2997182,1,-1083.4540352987776
3307790,0,944.4786660333082
235171,0,2267.759548972696
2826073,0,588.4649047817778
1706411,1,1176.6836786592958
3535525,0,1841.005381326228
674402,0,41.84400495610676
485375,0,-29930.26619870232
2948884,0,1388.7368219683751
2115014,1,1063.7621061157074
3476854,0,277.15251642572764
3651260,0,1464.3321464465712
3429829,0,1327.5965995313354
893555,1,577.4004695422963
926638,0,502.78025025757023
1704195,0,1241.284362267771
1423053,0,1062.0072605929802
3158136,0,588.2587621392128
863295,0,8846.054245396366
2048853,1,1189.5390280860381
1039622,0,-29034.92585840159
3526301,0,633.2116034463509
2900271,1,265.64015058756166
2277506,0,944.3374650672904
1878816,0,-30346.181396614233
2731330,0,2039.3822807312786
3775796,0,588.0314177572648
2281613,0,3704.0840747955485
3068025,0,2178.301681008188
1026523,1,2007.4594055855334
2186329,1,1843.829175498037
1313585,0,429.3331670241056
2249650,0,-677.6095928615952
713068,0,731.0594224462985
1716903,0,820.9896936341507
2901768,1,589.5543886893302
3787621,1,2179.9112191227655
954118,0,944.0676650845735
2033906,0,2959.5945682691763
2506623,0,353.4218867552239
2121152,1,-89.3271255151061
1698639,0,450.58737285335405
3837419,0,1060.3272480258363
1432164,0,544.1713600675807
3416117,0,680.6792458410449
935878,0,290.96091208781235
2015063,0,260.58279354337685
1107419,0,-30302.91570691238
1090776,0,-30178.27522202673
3299039,0,504.0194629198162
2762563,0,887.521418755033
1903006,0,-29786.767396548934
2947902,0,8838.303749111044
3897268,0,462.3447564718961
3016159,0,1534.1352065086944
3533869,0,945.0431080225063
1755171,1,1461.1913581344763
582648,0,680.5723747083283
217514,0,41.278118734674884
3430840,0,205.97798694468645
2463147,1,1463.1500458661822
1414248,0,1066.617696606737
2819918,0,1761.2789191905845
3750479,0,892.1368822072988
949720,1,683.356226579665
1279329,0,833.2677929493492
3916783,0,833.3271611616503
3771112,0,2583.4716695691454
661324,0,41.051502226488566
967527,0,1922.4961415129437
1500149,0,163.1258084844503
1005960,0,260.80104185505303
3729159,0,208.03440119778816
1018800,1,1461.2268971448646
933962,0,618.8777056525363
474013,1,8844.349008067498
690260,1,2741.336371682964
1976469,0,1994.4139187005555
1621353,1,43.47550475994497
310252,0,2940.73534977303
227164,0,730.5052399342609
1072513,1,-30252.99701089506
3200100,0,207.82919797117498
3932372,0,162.65017488200394
3488184,0,504.4813052766526
543516,0,987.6818056028326
695071,0,1460.2527748892924
2497360,0,8845.167682804271
2655354,0,544.2419948842754
692834,0,1747.350456824559
1951279,0,606.8616752364609
645667,1,1932.2884349908275
810216,0,822.9807395330619
715577,0,1182.500131402827
1288498,0,5908.90733190574
1898453,0,-29730.077533503627
2785176,0,3263.8521546187144
997835,1,232.4356662053527
3547617,0,2091.2723430698616
884351,0,887.3455088830624
2641451,1,8840.93076523962
2987786,0,537.7904047780548
3953888,0,833.317869389639
2788073,0,1252.7996114848904
1909953,0,-29782.617324229657
2111430,0,463.1116551336596
2502681,1,44.6958026277713
3214761,0,126.24512465625943
2478537,0,233.9580263372647
1105436,0,-28640.748928660756
1686869,0,929.258728612102
735834,1,1254.7648374109474
2663437,0,1206.8089031534303
573520,1,835.8187814090492
3261986,0,833.1130906913937
3238521,0,1124.800979002097
3399603,0,60.36803517414619
1639936,0,8845.04492521699
1225046,0,1385.8250737750334
3376168,0,1924.0994405644064
2393867,0,3148.86097304492
3469224,0,390.0319507580924
289927,0,1123.8433109127516
1346153,0,834.1467927195089
958305,0,2078.1174447119874
1549993,0,93.47598137959262
984323,0,2443.1234861990415
309155,0,1187.6371244089646
1080025,1,-30398.87417127865
2574015,0,503.6055171354093
1633897,1,81.78475503180765
2529039,0,70.03334077250155
705974,0,1607.1024359139237
2611084,1,3257.912859747333
1901448,0,-30214.35185027014
991278,0,-180.37387150187539
595302,1,2643.1839091199713
193889,0,90.16900539955824
3717790,0,1607.1180614710681
3254109,0,4298.6269334011395
421022,0,1124.214879434547
2205203,0,462.5763665284652
3672676,0,1459.7204929198178
3093550,1,2826.7631888079127
1322266,0,681.058886750871
3082238,0,833.7062089000677
861034,1,5067.315046291105
946435,0,1532.7935249495276
1052894,0,-21719.712486355103
3432900,0,588.7144873271046
2014279,0,2458.848559278986
3861713,1,683.0761533447557
2153025,0,234.892857918448
813555,0,-337.38806356152367
280596,1,2359.3419692609496
2279201,1,2643.308901778736
203684,0,1460.0018271264855
248391,1,1067.2080661968525
1326652,0,2005.9005114810068
3517673,0,1124.427986897184
2914723,0,1381.1412237681611
2789669,1,1190.5261880872072
1490830,0,730.4915553936845
3088898,0,834.8812167090408
3485589,0,2839.1541615519777
3053033,0,3520.552240402605
1751960,1,682.7786005093345
2549697,0,1325.399951307683
357900,0,1922.3600887377845
1026432,0,2544.972518987818
3514269,0,1063.465274086789
3170018,0,464.44553477458544
475559,0,887.6624185441844
327979,0,3698.0242944661804
2810004,0,929.3233913148441
752748,0,2693.164518265221
2433755,0,2355.9728689105887
3938875,0,1123.7130093879355
2049515,0,2358.8528686072477
2682910,0,1493.7492331533913
702564,0,1592.7392366687614
1106703,0,-29502.399126688142
915065,0,988.0260673759718
582698,0,1828.4746345890214
1365219,0,2544.699627978651
1702244,0,2253.8840405422256
3178252,0,388.52508873117205
1588894,0,386.61243528844636
1477532,0,209.69876422680545
2110870,0,217.02437835391962
1562532,0,-173.9816878341618
1321651,1,504.82666365673543
3412485,1,2546.822803198238
3777752,0,3043.7357929860173
246291,0,886.7762863488983
1077112,1,-29620.321157971128
494082,0,1062.1755950713127
2672613,1,945.8958352954265
2578642,1,1126.9039052034016
2423986,0,1123.3685059632344
1483171,0,354.4188274278407
685327,0,1058.5055240851677
1609992,0,55.95110981720293
3505283,0,591.4431705424118
1892288,1,-30502.037315126312
1669998,0,1993.7818027009616
1881744,0,-30176.00009054927
2241867,1,-1224.6392613381956
1839278,0,-29883.498875996567
3101175,1,227.40661567705487
3706859,1,890.9451424126358
1768812,0,1026.1971549531697
361647,0,1606.4614561301457
3892508,0,502.1649305406036
3067244,1,2000.007855051584
679598,0,233.85447505006982
2114014,0,680.1823303145208
2482663,0,43.41601258435351
3075823,0,320.30794710472424
3110613,0,8837.249506924709
3032959,0,-895.5337234601136
1355995,0,619.7275342348372
3856502,0,462.8578197433708
2690127,0,-117.80206995243837
2522166,0,2267.0546106485504
2430976,0,208.42458771311564
2702937,0,1256.5182052624775
3375077,0,5080.1309762171895
811254,0,351.0036755627126
2264118,1,388.5642621796593
250139,0,888.2952745857312
1739381,1,1362.1287958177818
3695765,0,889.1775326761034
2149858,0,1921.9303748969685
586509,0,8845.724428431042
2443013,0,1606.77884255816
3124282,0,681.8000868554269
1394242,0,625.8327028887329
403791,1,-21717.089093822393
3278330,0,589.2276120295008
2115553,0,233.05720183374612
1741354,0,680.1302031728478
3431976,0,3256.478177471452
1418469,0,-589.2971661239438
493827,0,289.99266967215675
1504973,0,162.9547682884936
2613654,0,41.41123802517232
2034020,1,682.2674392942907
1568596,0,928.815750346683
1582433,1,-92.33800407654152
3126311,0,353.9327013720697
2181986,0,3260.6580581972253
1990704,0,1064.033006741155
1568210,0,2740.6855208669413
2632816,1,4429.114366328655
3036623,0,944.2320921797099
2784463,0,290.11720359040055
3242224,1,2546.8759559132727
1341342,1,390.067304322623
2392816,0,148.97593221933724
990779,0,261.5843993816182
1363239,0,887.4988081716748
2812678,1,1064.9000167199015
801014,1,43.4084488946698
2932190,0,1321.213137839046
2485600,0,1189.1122669131414
1855559,0,-29501.716758514693
1668571,0,669.209091441401
3478683,0,1680.672181169923
1938778,0,991.5820198118237
2707381,1,1842.5814822216248
3674904,0,541.1592760398128
3685453,0,387.9924477632478
1757604,0,1833.7898353190114
2251029,0,545.6125470021389
2537823,0,42.367209794278196
589930,0,1322.6320785304736
850839,1,1762.7606827201655
2621229,0,1320.8885084939552
532915,0,1188.1276801620056
259794,0,1062.3875610954792
3157489,0,41.402159174186295
313583,0,1460.5963840061363
2737253,1,44.28191807778881
933375,0,677.2009933081231
1062942,0,-29440.451946208672
1637324,0,1761.2612756035944
620403,0,8845.381271391874
1808487,0,-21718.73456621981
2507949,0,1841.6220271160616
1471619,0,1128.2259080121298
2042571,0,2451.7410804662995
3310982,0,688.0510945624195
289452,0,69.96139861452339
633176,0,759.2714655444456
1504028,0,1388.7330411662113
2265256,0,1123.440262565413
1325003,0,1127.8786838211386
1418844,0,999.318278855253
2519828,0,544.023516837373
1060769,0,-28802.255723921528
1219656,0,260.78778668681093
965021,0,1388.6515356296409
2445832,0,2264.652023120538
2916365,0,1842.2447079332
2658118,1,504.6066540051431
599991,0,8844.796481210014
2218340,0,781.4754595998455
3408899,0,1059.0601630071696
351568,1,1321.2971715967337
1120544,0,-28384.802875412734
2163865,0,3260.064049377892
652531,0,1459.7400024937015
319729,0,1048.1642120420054
3916141,0,2090.693235267442
2828136,0,184.46260806715017
2613402,0,3931.5095396929296
1126971,0,-30139.25543490294
1158767,0,-30060.83667466779
1049342,0,-21718.438661531436
897615,0,586.2396969234075
2499962,0,1068.9908787728154
2011474,0,1842.4096449146957
659411,0,1988.1801741095685
1295760,0,1188.6581556834874
1575867,1,292.9026659509688
3377501,0,8845.408086912272
1619946,0,2178.6879174795613
3775773,0,-281.8779849838746
3029958,0,392.3461744117465
842144,0,1238.6234963033305
586659,0,169.37312481133856
1837068,0,-29975.810717445413
719263,0,124.06456536606129
1529865,0,233.92929600022433
1467112,0,208.54632467279546
3547623,0,1462.892819216006
1068550,0,-29783.223073271318
1019305,0,1459.8070389315114
1141869,0,-21718.629555148334
3044155,0,125.1762228049015
1142814,1,-29502.796008220263
3127608,0,634.1096855406701
1124960,0,-30174.311542716783
1949158,0,990.472618393567
1594600,1,1462.2517157044244
1830261,0,-29731.298173649495
1444333,0,1530.3564773412293
2283742,0,887.6406280779773
1485118,0,-294.76720839509164
309067,0,1253.2820039703622
3076746,1,636.4468397745151
2998485,0,35.73284094602995
244391,0,833.2722808823524
2603526,1,125.64338806745215
3453949,0,1062.5021661801986
618087,0,423.0798392185564
2700252,0,1320.708388120634
2527144,1,584.8768384938686
2590757,1,1063.4505653718527
3416731,0,829.7305940332554
2666858,0,386.65247581578797
2526992,0,564.1145457622541
2281106,1,2647.7169583658924
1373300,1,1189.2410996111253
1856434,0,-29928.576772060213
3158684,0,125.18153873246833
1444467,1,2088.4577964292853
3307023,0,291.920646812741
2714814,1,631.5263154173911
1504896,0,833.9905835213377
2477182,0,888.2359953139465
220679,1,5921.745527882444
2237324,0,8845.52822870129
3506016,0,489.4021491471762
2814140,0,1683.587272942172
911625,1,1748.8977054126299
1374387,0,424.73607176517095
861692,1,1063.2458721616738
1571459,0,43.33172826187998
3307992,0,1683.3361673511272
2172764,0,1252.4759010972348
1332041,1,125.4675046389631
1967388,0,8834.572923797945
1295824,0,414.56532344188497
2669324,0,2177.887827249677
3144647,0,634.2531567512
2448465,0,8845.20207465336
2636226,0,1922.490552341348
3922197,0,1187.279813412478
1221931,0,624.1013897864583
1364244,0,1459.2769575177826
3162962,0,7139.399415040356
2801298,0,233.8381144719194
3782410,0,2642.7409685142507
1480551,0,3154.171150496466
463979,0,424.6325000091169
1592639,0,2726.376418490356
1892576,0,-29317.126855038554
294294,1,143.78405160460684
3781493,0,44.43956810946739
331802,0,8845.168444346255
1283602,0,2640.836604588484
1031179,0,2344.3465404228914
2800639,0,234.0178808900006
1978425,0,874.2830156127961
1172574,0,-29104.31604097108
3446570,0,681.5410550151001
3440261,0,1000.9760750149907
1085680,0,-29883.63879000045
2257753,1,3153.8076819732746
2258149,0,320.59025744314687
680873,0,8846.42092748611
1105967,0,-21525.917376323556
699036,1,5781.184413411647
1432799,0,385.2108756072657
3891023,0,728.9915091901885
3331819,0,45.17275078380378
3780404,0,731.237839360454
891448,0,1459.131140987742
604238,0,1608.6309059651526
2797397,1,272.1955656722857
1886711,0,-29242.647470168056
1882394,0,-29243.88247072979
340802,0,1532.2700346087124
1534855,0,263.3242276158638
3313921,0,729.5032212028086
2678766,0,318.86876417344934
494151,1,423.2205860978935
3451983,0,585.9919473397113
2134639,0,1381.2979184038415
1243035,0,392.13405244594696
3950052,0,944.5791287046013
3030758,0,1451.8910487291405
1707794,0,932.219029415262
2560194,0,685.2355012620675
1946895,0,341.87637207570907
3063541,0,834.0098614324086
3054395,0,580.0024310299281
1625609,0,291.97700483065984
2592039,0,1320.0142941518964
743366,0,831.5301491150815
3081888,1,48.472244471141195
1581876,0,832.7874315148864
283870,0,633.6478883908252
1415694,0,388.65494847293843
833201,0,1123.611050514448
3769865,1,1762.713761748988
2129915,0,1459.530938888889
1170369,0,-29883.088075117306
2252359,1,1170.1263869607562
724182,0,941.893737962113
2510530,1,8523.047110617386
2665304,0,1188.0456326146466
2269603,0,3811.4215213416887
1329898,0,37.2750963587508
2602608,0,1842.2279381207952
626266,0,108.13242140036682
3660517,1,235.04398418327887
2419084,0,588.2471123154264
2839450,1,2007.4248864548008
2781073,0,724.2100033011338
3929606,0,239.59214881605214
2399361,0,574.3257701817341
3123771,0,945.3504746176401
2020324,0,3061.334542022536
2894510,1,1839.2450567236767
489053,0,1173.3462521937201
2023337,0,8845.38920129333
1702075,1,1831.3637205401121
1852679,0,-29756.33157134267
524164,0,633.8154332401789
679005,0,1001.999090859532
3412334,0,462.2106801004854
806605,0,43.635568581080015
3840686,0,2530.932997743043
1538537,1,427.2337594569056
3016733,0,1841.4821667904996
2257562,1,727.9818455343044
3497511,1,1000.1800577569405
3284901,0,1460.7395552880457
1560299,0,42.46342535342311
3672342,0,1459.8708235585489
352685,0,207.9693751009515
571816,0,1683.0103648530608
1211971,0,212.52675921100624
1846969,0,-29888.99413906156
2397444,0,1058.439245115826
1766988,0,1003.2188907273262
880752,0,287.09353676354647
2248034,1,427.6276528791626
2808511,0,544.336331828261
2542758,0,59.301152961934285
3943809,0,833.7808929433194
556594,0,3820.0342577609636
1408301,0,388.2356430294067
873634,1,229.66311713500292
3458935,0,3149.380053084437
2535802,0,775.5239425648416
942187,0,977.8305098149687
866406,0,503.45789167420253
881395,0,1061.394744178648
1302487,0,2092.773304053545
858112,0,675.3194235510491
1889391,1,-30438.261670531203
2419254,0,944.7467032939729
1257879,0,503.1707492798177
1295931,0,2545.5265551426533
494718,0,503.18530801237756
692498,0,943.3323400708871
3273657,1,389.72741380458234
953169,1,1004.4995009763745
610437,0,387.8539580962423
2560338,1,11590.435687867865
3485100,0,823.0065015618273
3901917,0,887.4040143110876
942018,0,780.4334276287514
3391346,0,500.87703130963075
2864839,0,681.2912064830099
1519270,0,1460.8868978547343
2733957,0,-27197.436706895358
2001124,0,1062.240204741349
2681634,0,997.0519256032777
506327,1,390.27552617458
1677428,0,1309.841804990645
245869,1,3049.107171209649
1626680,0,1123.8144640611356
1171220,1,-29972.927498201097
3929920,1,782.4339222644622
2456204,0,2267.59548629137
2633021,1,291.60459095716715
3319386,1,836.3257749711258
3223962,0,2825.014576794119
3901405,0,354.9238124219269
2245653,0,8849.441422135118
2778811,0,48.38294053965314
2934412,0,321.5709623045346
2174350,1,538.0907227687368
2516455,0,1914.6349424794732
1333611,1,890.3648309385185
2401221,1,2269.972688409872
2882277,0,-327.3658171276427
2049254,0,2642.8689170502803
1023347,1,1124.6405664305628
2996808,0,1528.418855947277
3144968,0,3183.2561734969577
2510503,0,236.99208208336128
861398,0,1003.18635121131
2760456,1,25.414954406157555
2524878,0,1010.241419980498
1028645,0,8845.362750399918
616195,0,1063.083841955899
721622,1,2167.4106234041724
677974,0,1460.2669563358318
1818321,0,-30525.23612422159
691458,0,1252.9866134667825
2190899,0,5693.999945008449
270946,1,682.1208382358044
3353085,0,61.402961690748306
3002644,0,3149.2420647553795
3053661,0,860.3445909549259
3666386,0,2740.2094166455454
2613277,1,390.21361241494543
527972,0,1061.0518560468345
1202038,0,781.7929045504804
2250393,1,782.8165067979305
3153317,0,695.9777632295311
3858700,0,1002.1952091113172
1305104,0,1321.5339809184784
824953,1,499.0526809210704
1215459,0,2266.396931721762
2970325,1,1125.6236607149408
3532300,1,461.67162351831684
3844642,0,890.8780754190211
3373339,0,1607.0586690982361
3947489,1,392.04144754674934
980116,1,2094.02051200252
1573235,0,108.28066272191602
2410202,0,832.6448130212474
2967654,0,387.68587919839257
528992,1,1608.1708738056948
2233049,0,2091.32536520954
1985033,0,821.0744245117635
2226437,1,3590.9786436775344
3387537,1,391.4951580004335
1663525,1,3136.226166763503
1733115,1,1240.3161461071545
3944568,0,1320.276575243185
2201951,0,124.62087874728859
1891173,0,-27622.839201650648
623533,0,1461.7599957072043
332348,0,1240.2970558806846
3212251,0,833.1734043206084
963563,0,502.87735697104193
2717338,0,887.9810454887812
3303347,0,289.7443553261952
1507550,0,8831.610713896565
390131,0,217.88108096517186
975816,0,2091.403129728772
204302,0,1252.6217167470288
2479710,0,681.9687852955458
3909232,1,504.3168851702617
935138,0,1760.4736827718548
2935271,1,1609.3897634026232
2240154,1,839.2645425738793
1195079,0,-676.2808223037304
3862540,0,588.0899056196181
1977855,0,172.40966071260388
823663,1,997.7192592339042
2498906,1,1003.8716572010063
2570085,0,261.50906509583336
3751227,0,424.20821392251935
1001151,1,234.6419632903279
397811,0,1461.2867654146753
3043468,0,1002.1679411846302
941302,0,1124.4835327879853
3494879,0,275.77316230088223
3123357,0,260.6657250245826
1954855,0,193.82826566358165
585691,0,290.57344549112923
1516313,0,1136.6368809271091
3445138,1,505.9549002984151
380554,0,462.9099099018166
1034940,0,1125.3933186282377
3271326,0,184.58777805951132
3713153,0,4101.824660368792
506906,1,1924.9115016202375
2205486,0,537.133764718023
1124997,0,-28539.559040054133
1263181,0,1608.6267560216727
698507,0,1532.4904704026087
3951096,0,587.9778756300162
2235199,0,989.919430254182
652425,0,588.1345936284248
3227999,0,730.5514256839198
1386527,0,179.84916783270384
3129765,0,944.3408937971922
3260033,0,1319.5204474482061
3483835,0,2414.1754263445096
1846730,0,-29243.651153709397
2875147,0,889.234314826973
2176098,0,945.1790596713165
3275699,1,2270.391065393861
3171464,0,502.5857732389976
1379008,0,1390.4391967475535
3508873,0,209.37129479320703
2815367,1,-657.7192139329842
921841,0,833.5918571239677
2855096,0,1971.6840444230243
1545841,1,1255.8832716479853
1942720,1,1309.7165802994157
3203766,0,680.5787643763564
3880738,0,834.1278121457825
1042650,0,-21717.08750714334
2262940,1,1125.246839201251
3784964,0,41.71473432762929
1760752,0,27.785784244688355
3305949,0,1461.0416256091685
2180325,0,8845.240392372869
3257812,0,731.4623500992373
420255,0,1459.7124310069369
408511,0,389.07900871214053
2709463,0,8845.574084814707
3687414,0,944.1511701926629
3011813,1,393.340504118907
3890462,0,544.6778691831214
1439684,0,1185.1404247362075
3736610,0,1062.0648247543272
3150856,1,464.1035530582032
3131410,0,80.4500190457856
1540335,0,742.0761372041217
292849,1,292.0532083331464
3882305,0,42.272366462086225
3013569,1,2180.9784753521103
205037,0,589.3124401523262
3144518,0,290.2828690203021
2196257,1,2269.4237160420466
2159306,0,2356.361251335613
2161878,0,1460.3379251841714
1719343,0,56.9380885977809
822053,0,1600.9406656039962
1601353,0,1266.218480897196
2562814,0,2267.3174467048175
998360,0,320.6615604718308
1077141,0,-30522.20256068589
1164583,0,-30023.27912400516
688105,0,633.5168716452922
3162619,0,290.5195265008874
1602637,0,2436.72779527683
1226100,0,388.0625139853343
1603365,0,-27307.60315422437
346009,0,1461.1986953485375
2424465,0,2267.498539351323
3755010,0,888.4997943968006
3078006,0,8845.268906022879
2246014,0,1002.2813017360082
362857,0,1606.63932442068
907141,0,502.5949031302881
838197,0,2544.3895426638583
534016,0,8845.516122474004
3496566,0,1002.7908035241111
1772205,0,834.2759196828983
1731478,1,1837.6982414035645
1680815,1,224.9078990825781
365720,0,680.9679655566036
3548526,0,1253.0857704779219
2393509,0,2006.4428871333746
2256179,0,3366.3505981845415
2036739,0,633.4565173826483
642679,1,8847.579791736582
802387,0,1006.5107213486048
2748141,0,183.9397994641848
593151,0,208.10817416841405
616664,0,1167.6384956044517
3327054,1,2359.8360203706156
2717067,0,38.544403940781926
1091965,0,-29439.31537955882
2878371,1,1008.3634101613843
1833879,0,-30442.094465480182
2395625,0,1058.8803989738253
2713576,0,207.9158712090482
2444349,1,2643.072676043624
691839,0,320.53090013959155
3471846,0,163.47525601024077
3885549,0,207.85533974001984
1974970,0,3014.9644306792256
2163250,0,1454.4865557086835
3461541,0,633.5267935230786
1815874,0,-29505.641271101602
2740882,1,2007.8340061123286
2484305,1,945.4388936644103
3842128,0,1314.8974018859592
3538247,0,945.5285911878542
2126555,0,290.1712089785204
2655396,0,3149.475040461643
1673054,0,491.61553081793977
1157111,0,-28204.91971712956
2615744,0,2264.4781285653626
3759077,0,494.9349233596503
711249,1,44.05201898485841
2199957,0,6810.676371453589
2923412,0,8842.825054532972
3929967,0,8846.010230072065
3302697,0,350.31809636196454
2528949,0,425.15454496136516
1991490,0,2545.316802395855
1953774,1,152.40059742988436
418456,0,508.4408314852507
263713,0,1124.4372172424767
3929165,0,2077.103053353582
903407,1,504.45442801316915
1939337,0,2346.436324906273
2012913,0,1188.2958854233739
1092125,0,-30209.271004632432
266707,0,233.4915212564736
3046377,0,545.3260263229888
852652,0,1125.6730215417047
3316283,0,1184.5935507988765
1520820,1,-1002.9986132958867
3769163,1,2742.1595319896264
828616,0,528.7089967344698
1673575,1,1105.6980858784877
226291,1,464.2432900387123
580207,0,1840.326799881486
2882386,0,680.0589381363214
3412943,0,1062.1306632203186
3490763,0,388.5198890566478
604094,1,1461.8039158797055
1741163,0,389.4816517842494
2771805,0,677.8984723005493
1399494,0,4412.699621369295
2745101,0,1518.0131657993893
3927920,0,66.5075617828629
1916866,0,-30210.690476418556
2013429,0,632.8940543807402
859775,0,2349.943923455489
2174475,0,1123.3792105259304
2568098,0,1061.922866553814
1388885,0,1253.0951841083124
1369172,0,39.65967426544658
1005850,0,780.4807713169773
482999,0,112.63010068703142
233373,0,633.1462163092152
1526618,0,2448.4778964694306
3392829,0,159.70594885634753
2412796,0,290.4173357294197
3740173,1,1461.4069555684312
269956,0,633.1982793518436
256472,1,427.0523576467371
3315801,0,162.40130501852965
673700,0,1388.8250165470454
3535814,0,502.5365202105066
2159886,0,630.9340764747272
3058392,1,10907.34126285234
1994566,0,1461.2697846551966
926722,0,590.2864890267467
1725733,1,8847.025349458969
2819856,1,835.2259284740187
589924,0,834.7214012665648
3080318,0,2932.3493044136535
3890987,0,1459.9568145661547
3131870,0,2267.6960260611936
352029,0,1062.4651947579457
624985,0,162.65435689821695
413954,0,1841.0178337946047
2976231,0,884.8838572004623
2808407,0,1844.9758359137502
294313,0,834.4446438643331
2472273,0,185.33569129797377
1013824,0,-33.07795664024222
2757087,0,544.4263593957093
738890,0,834.9708883969954
3849108,0,2641.48842730422
1299518,0,1115.8821261029714
2689342,0,1063.439197217199
1635070,0,3132.1335086841314
301818,1,463.7208533984916
516715,0,1760.922888880357
803016,0,324.82132201725517
882135,0,320.74190716796323
3777590,1,5627.328371070093
2252737,0,538.7351377790814
1698689,1,31.81277392407818
3263340,0,633.0983965417998
823069,0,407.40521562364626
3662658,0,-1061.9443844080386
1612066,0,779.6897198517423
2230445,0,727.1583582953643
737407,0,463.50484099558577
2794247,0,1123.7585008786891
210554,0,289.72901054262303
2022671,0,53.04720491693401
1825689,0,-29104.73384264006
3518850,1,1461.1550941964888
1779874,0,2643.031065692584
3014612,0,461.9767341220009
1985158,0,573.8475334834471
467732,0,1002.7500330087827
1868233,0,-30521.466990150377
2577435,1,-540.3807942092366
3031886,0,2266.6843476857994
2416840,0,680.4945498353862
341914,1,2269.361669542865
366860,0,726.7168674983537
3117482,1,83.54608795718438
1007420,0,271.4497431069815
3659551,0,28.302283956219735
394301,0,261.87978161051757
3804560,0,833.8985210242968
967555,0,587.401802187394
674837,0,1187.8781694514123
1208927,0,1841.6473498293135
2241353,0,-366.29876589089196
461394,0,1065.79807437356
2427708,0,388.2133655398672
1879432,1,-29780.93086892108
1879943,0,-29515.719863638198
3667842,1,1842.0006500034563
2055511,0,1185.7511115177092
2855147,0,1460.0895617591377
425948,0,833.4690587953161
678264,0,8831.620248339732
2995175,0,60.59063205933685
2028848,0,-325.3963053646798
3160595,0,685.4575416806077
1355341,0,588.5468568710887
3833506,1,1063.7974440925964
599640,0,888.2089874476216
3929718,1,589.712676079857
282672,1,322.20642592928385
283215,0,387.96656429484125
3288882,0,462.7421511454164
901403,0,-593.6689682184877
2815588,0,-115.51949383765347
545189,0,588.5428197184909
1019445,0,141.66562255751964
462144,0,634.0528467765146
1228274,1,1924.130892165673
2262959,1,1320.2336575596728
875861,0,2077.539980299457
1752857,1,1322.8365023414362
3514907,0,837.1807918365143
2663711,0,677.9131416043364
2444027,0,1841.2546800095276
1518121,0,49.070771441825016
1121117,0,-30185.998992763725
974976,0,588.3372552361826
854292,0,42.1362439963263
3072542,0,462.5217663306888
335798,0,321.00849011618806
2690394,0,8845.832811928656
2774792,0,1761.5779827079018
3283732,1,1254.9641976664768
1591898,0,388.59763439595304
2047833,0,1301.5893109192998
2193386,0,2344.346505709126
2672953,0,2942.3039117749736
908584,0,1257.5343405904441
2119001,0,52.50011695407902
1499315,0,2609.545758023508
1818234,0,-28722.505723562084
537388,0,832.811266642371
2237876,1,326.77980779233286
1551245,0,106.08849619687275
3275545,0,1532.6374107616778
1385238,1,4669.9625796573855
3852342,0,1606.9129422655633
3896123,1,3477.9595470356003
2706266,0,1002.6350591155743
206790,0,943.81720510981
305812,0,1532.8497420344509
3162389,1,2359.2151946161807
1856375,0,-30527.669147606026
2442908,0,43.18583852079784
831931,0,8845.294397433565
3789723,0,353.8678222624089
2202551,0,185.00313606704057
2844922,0,320.1639400238108
3883343,0,502.5838001933977
1314854,0,502.79028225312356
3155625,0,1319.6627127179306
3048356,0,356.82356013051646
2674171,1,547.1131257949671
906001,0,1254.1669748088436
2915109,0,1124.8806776924687
3034478,0,619.8794821991819
2607321,0,-28642.659962560083
374123,1,354.7640849942205
1605037,0,38.907080686109715
1577542,0,3573.6164961837344
1711918,0,8833.438723204936
286800,0,1062.0386510364663
1708080,0,931.3931727161619
2532228,1,2742.1371742307942
208555,1,235.1623028955461
1059597,0,-29941.503797418896
215062,1,5218.6520930542265
3383341,0,833.8937717225537
1476926,0,-39.02488725626679
855914,1,1251.0157303952014
2479969,0,908.3953815973119
3415863,1,235.23871173901978
932820,0,2744.2989162618273
3902787,0,730.0450763409734
2485037,0,1001.9648068988188
2725048,0,-3180.6633756874685
1156221,0,-28956.2130224049
1223781,1,43.35051321698135
707856,0,233.22063782068165
2849646,0,8842.760854746055
2863048,1,1254.8353957076022
3714667,0,8522.153177835085
3131280,0,1123.5364118329235
1967008,0,666.7625669008878
637825,0,1252.5756669047448
611485,0,1120.8454392698256
1602533,1,5356.585564093118
494568,0,384.1291543752138
1280753,0,1458.8124291280926
1903473,0,-29883.28506820708
3655660,1,165.261149613018
1047771,0,-30469.406360528716
1718059,0,450.78989147769596
2743499,0,785.0503801389293
843711,0,1794.1008937999488
2704193,0,502.83368886394624
1509153,0,-103.09738317903565
2708542,0,184.26592266641242
2739402,0,875.6591255027271
1914350,0,-30099.411888678722
1844176,0,-29311.40982797078
2541892,0,887.7570683056784
1535461,1,292.80547223261317
1314033,0,1532.646559900727
3290374,0,633.628082100873
2597307,0,-4969.2542023226515
692707,0,830.1439209407506
3417360,0,1124.7107987131526
2885192,0,462.753551643336
2754370,0,1184.6317568371142
3327128,0,1457.4842239301972
379710,0,1002.0052808262392
491195,0,2739.631714983173
3879943,0,1533.713032817572
725811,1,2452.927438400343
3869980,0,320.72374402734806
1320965,0,1842.5656570214562
1937517,0,1241.3401520299303
3112283,1,262.55020357027126
908480,0,290.1631220253947
1500739,0,680.4635985997654
672698,1,635.5785019922165
556732,0,260.27796432607596
1028514,1,376.14036254109305
422947,0,462.5978412911678
1391220,0,1124.1661652578043
461303,0,944.499955731109
1559853,0,1460.102515242513
2779362,1,388.173192618472
1339689,0,1454.9390535937744
1524881,0,2101.9524031267792
645718,0,544.3867683156822
596811,0,7792.525158725779
2190754,0,234.3663904069473
845165,1,1842.7306723795566
2695332,0,7576.043782103376
2674912,0,729.7552875421612
1036684,0,388.13234474962053
3717108,0,1389.5109475164675
2935896,0,1841.0008628105377
1476857,0,943.34333032042
2734495,0,887.3446679401205
3876554,0,1312.1373175275298
1213266,0,3150.912346742923
1872851,0,-30521.14263526514
275411,0,235.08795127430272
1827882,1,-28016.352649562115
3906448,0,142.59443772409733
1067900,1,-19628.640368069216
1303548,1,1871.8351789835165
2455382,1,95.4233751763764
1262836,0,2007.489503456275
2276229,0,1320.3285642901428
3546655,0,502.8124399304279
439822,0,258.3322712591949
1374975,0,1460.8134118595012
3131452,0,8667.649626515273
1293089,0,503.11482888340555
1646670,0,2540.0456185223384
323899,0,632.978817737489
1820007,0,-28111.576886482882
884952,1,547.5432441020241
2902467,0,208.20382599303557
3521886,0,945.6929930250857
2840145,0,729.6373277869114
953753,0,1684.4297886440365
2038350,0,463.8366310625026
597831,0,1253.220874756256
3709794,0,459.914875899691
640086,0,1320.2983249838228
3504336,0,1043.179244575144
3047737,0,4054.6694371771737
669916,0,1251.7312983763059
3525410,0,2358.4644674303004
1987115,0,1308.5771851259913
977778,1,505.51535381865165
970806,0,2450.7322390509535
1145664,0,-30303.95858019869
3847091,0,426.2097980826898
861017,0,389.80112916628093
3187875,1,2007.175046880586
2795168,1,3258.188252665016
2144069,0,424.23568847923667
806591,0,8846.469297171867
203399,1,1534.3748432181872
3799353,1,2735.415006946355
2551115,0,1252.629515047576
680503,0,277.0086060318711
1840459,0,-29897.89378759505
2896175,0,318.16709177438656
414304,1,8843.789833894667
2242342,1,8847.45114453333
896823,1,-238.93533562811874
1746588,1,1686.6059610650195
3779691,0,202.6399853637791
387767,1,262.047994298103
1169401,1,-21064.195373814146
985143,0,726.9765852127222
2978688,0,1460.0790597165037
670113,0,1457.250044833974
1983800,0,621.684870849214
3752591,1,2229.1872579607434
2650915,0,42.27920079260339
726767,0,388.40604667153536
3878476,0,319.0599207220711
1039761,0,-21718.909794399624
2029382,0,1253.9469350118648
1420582,0,1682.8031303035305
2282166,0,47.788905084609276
2240130,0,1065.085525550432
458948,1,1462.1215018523753
1405235,0,48.031291920961216
1099900,1,-30420.394663870393
1912637,0,-29385.75928054958
2400733,0,680.29034477044
2854907,1,352.2258459115976
1738372,0,834.613602759391
2496300,0,1173.5925734312382
3427338,0,834.1920237180993
893172,1,286.1964906259279
473701,0,1124.6007120396725
2239074,1,590.3419248220865
544326,0,681.2996053108913
1475450,0,234.34348546990998
1344977,0,2178.2656878485654
991643,1,185.91656879826192
3930878,0,1607.2881198309474
1454786,0,730.0560786474426
1939852,0,8866.220053178102
1255610,0,502.6617189852385
1896946,0,-29930.206368313062
3442435,0,124.31182701332409
3234293,0,726.0137077506845
201298,1,1764.074947161404
1681066,0,1447.2168303244182
367658,0,374.5479918101717
2585963,0,1919.5883613987935
580497,0,682.3001334560291
3735697,1,322.5329285728428
3075159,0,153.79991720398803
3422837,1,2841.4519632205565
2667522,0,468.7529185337278
3191441,0,1461.1543622160955
470744,0,1461.0471717353735
3658068,1,1125.2499788419411
1546186,1,834.8948037837605
3514624,0,588.288632271533
295897,0,107.98174360756228
633372,0,887.5703216725722
1131278,0,-21718.11790319126
1855520,0,-30036.917136160508
370193,0,460.18212782320893
2474310,1,2007.126051403911
257315,1,634.6711735305732
1895660,0,-30173.998842727357
1274979,1,1125.7680259358247
596551,0,8842.614701923434
225712,0,832.9209830663382
1062369,0,-21718.664027897892
2985487,0,2091.196165886003
644649,0,544.2299113656746
2177047,0,150.1061730841673
3139026,0,1683.9536183785942
2399637,0,3253.68387864144
300554,0,1388.9291511549432
3861231,0,680.1871499846925
504631,0,2940.8686095975036
321852,0,499.8323513978541
2151249,0,322.4189965812558
851979,0,1606.1947342156218
1414404,0,1606.1877921179005
2766453,0,1683.7917660019173
1756505,0,833.12708729861
2185784,0,633.8534000791423
3486021,0,2736.1905320584297
3194497,0,2545.171264440354
1086661,0,-28723.0193034927
1091652,0,-30407.348729682453
1698132,0,8833.125379041028
1490936,1,49.136946819406006
2616189,0,3819.0734902656086
1450910,1,43.635695889273094
2605755,0,833.8255094541832
1317204,1,45.86432652190603
3117719,1,2007.7828945042404
422908,1,767.9263853672812
3092637,0,233.93043394172406
249164,0,630.9437124475048
2648530,0,1324.4264078647382
832502,0,1062.2384515091005
1703378,1,1309.0036952525386
3763088,0,276.1797766512773
646752,0,261.32275612013916
297637,0,1427.8556969988338
2227292,0,-485.1026413837547
2255626,0,424.9317516386461
1687111,0,488.272280317101
3326822,0,150.68041152224208
3382544,0,1322.1019230537352
2434614,1,1188.5646225755122
1582170,0,936.3256940865926
3717284,0,833.428313148287
2615361,0,1534.4332487565096
969788,0,1253.143163665017
1390856,1,8846.823618201892
3252707,0,767.1000550756446
2721321,0,1002.2562816366418
2913082,0,681.9094768871331
371125,0,832.7787981067501
1986980,0,1235.6433674297286
3650680,1,1844.094642193169
759821,0,1562.1798399200172
3928497,1,234.275307459107
392986,1,1126.1417382222473
1452923,1,505.56293942037536
2197230,0,92.81312933640692
1984521,0,376.4526070385118
481558,0,888.8439841133724
638690,0,832.8595045319755
2853961,0,43.15543817767655
939365,0,1061.6522730192567
2985945,0,1389.1259745335856
1222896,1,1684.7665955580305
999693,0,5315.961321551949
2407328,0,1123.4098441180854
3282068,0,4326.750968783069
3834546,0,1123.729560714954
2698643,0,2267.5861714549605
2926661,0,1184.6806146513131
212003,0,387.60819755694763
1548096,0,-1034.6725340372661
3204242,0,1319.8978458701147
3254884,0,2836.180609053996
2020853,0,1358.6657053823596
1316539,0,290.16223721244296
1775285,0,1001.8851915940713
2394969,0,108.04432192595628
2262221,0,833.7721537630605
1411672,0,1059.609664282811
412378,0,208.04176991645704
671534,1,2007.822022646999
1850204,0,-30243.151432974446
2664575,0,503.7303045053673
534418,0,97.46445694148828
1100290,1,-30532.638821168246
1223209,0,834.1317735778892
1125884,1,-21063.469723356953
1568167,0,833.3969567166964
3373181,0,3149.5573769571647
1772308,1,545.5074598657498
1378375,0,1323.337402946141
3843913,0,545.0030649654897
3835933,0,681.5876328942217
3129451,0,2357.9956926912237
611794,1,634.6425871853211
1198731,0,2265.6642797029594
3318359,0,464.0498152254837
3440377,0,833.7524843269747
715114,0,386.56165043918094
2613211,1,3259.096734867474
1081397,0,-30272.760272903462
2721069,0,2087.789968000873
3105703,0,2092.199586227136
3062391,1,213.55612473749557
3093800,0,2531.6698122584016
3960575,0,2179.039756878604
204637,0,1460.270755526342
2783697,0,944.1844239901519
2978613,0,1604.2463224903283
3769851,0,4306.885150401213
926252,0,830.4957275051125
267439,0,779.6929942696718
1311026,0,1532.9991996092367
2432085,1,1125.3686825161985
1316146,1,8319.959717496427
822230,0,533.7979262319371
3673627,0,8845.226804220083
1621456,0,233.90684113005415
2438552,0,1682.1942086714253
410187,0,8845.498578448272
1548456,0,-90.39288717333848
1897533,1,-30495.48908116644
3314715,1,635.4730050837621
1295647,0,588.5868921631554
272112,0,681.4992098505104
1880672,0,-28957.134946583727
3742006,0,1533.4139152131588
3303103,0,95.31645086008302
2214563,0,589.7697896932254
1393544,0,5924.251405603697
2237236,0,1840.9989924569797
1817006,0,-27819.324463969107
3927533,0,1753.291403297228
2232071,0,885.3692533860587
3205096,0,1253.0399593833606
1270949,1,1322.5938784673558
3769687,0,1062.0997464938168
657906,0,2357.7733328138993
1609598,0,1606.2250152732395
2842760,1,1189.0006890275492
1438812,0,424.49038439249375
260095,1,782.6211314833271
1535841,0,1252.7382038986455
3886363,0,782.2003248169987
2823760,1,-21714.854619922615
3200754,0,206.05977785047645
3099301,0,325.8968050001475
3697770,1,1125.790084660983
1698492,1,2441.4849007565786
1466320,0,994.5571978503301
1873264,0,-30421.57533153773
3052524,1,34.060874696599846
3941472,0,502.4873126497485
632097,0,1254.4621459210184
2978149,1,2452.187901836884
1917260,0,-30305.980826214032
2119474,1,634.9584536523666
275870,0,1459.7528783862824
1558700,1,890.8799733460643
3337630,0,833.48322449791
2247951,1,69.55789183310617
863333,0,184.57783186280903
2628809,0,3475.9433784898165
1729737,0,1460.983081346211
817821,0,1745.4216608350648
1070991,1,-21066.57653717627
973986,0,44.28847875216515
3330457,1,427.3597300959578
2665770,1,322.63235866603065
363991,1,1002.9926951898433
1363917,0,2933.310842953608
826214,1,72.81037772468963
2713868,1,1186.9613552380972
1603349,0,1188.404855501156
2938615,0,633.6653333302011
2708807,0,2358.386206398145
2923126,0,1124.7041032099826
932922,0,1002.5587823746049
1614753,0,42.56184533472479
2016790,1,267.3237116052449
2593530,1,3825.3237583033247
1861653,0,-29785.481548331543
612999,0,2267.254796461919
407966,0,208.2141098255674
2119848,0,312.7470948834071
1155639,0,-29031.205457792326
3947361,0,2091.4235042203895
1585483,0,320.2617288916104
1209028,0,633.3027506074395
2603602,0,3477.035893638087
3346630,0,796.6862448459166
1515661,0,1063.1968793121828
1301078,0,545.8369370804074
428785,0,41.2976504371544
2882338,0,8846.954426539849
3069703,0,734.8920564367178
3697008,0,104.11988262445324
268814,0,320.8539985360339
1399240,1,125.83203195853574
1286882,0,503.3015694943904
2700722,1,389.03220119126536
3905698,1,1130.1597389805238
3413114,0,1606.9133313571617
3893356,0,545.1426105487255
3734016,0,1599.3900146157862
2599927,0,1760.9070317302958
3687585,0,2451.277149312305
1831773,0,-28556.212179412058
3717155,1,8846.696981185109
467986,0,832.8594429293746
2241017,1,2092.8318864014714
1199532,0,735.3351141044581
1366886,0,-1008.2379959305923
3130466,0,1459.68273867833
3166748,0,8667.772002129435
2560818,0,1528.8532844282336
1589630,1,1125.0501529327885
1494585,0,1460.8080373962582
2585365,0,8845.785734294908
1574039,0,937.595096336784
3160148,0,388.34927933508595
923955,0,43.845658170772374
3124614,0,124.55896064408448
3450097,0,780.2108749118665
2970656,0,1319.3976934065004
1150354,1,-29129.572740424155
1195067,0,264.90305519924385
1111071,0,-29883.577317918054
3219792,0,167.43909581792457
3909640,0,680.6763654566035
2680072,0,358.15641364940666
1980060,1,1523.687085331576
3022863,0,1254.345141369139
3874112,0,266.54361657025044
1676600,0,576.6510241228228
3853730,1,3259.254503088034
1332766,1,945.5890004529182
716324,0,1762.7249269757326
3189458,0,587.9814175757707
2196852,0,156.52062088839918
2244940,0,320.6755008593775
1459548,0,799.7987401728707
1300601,0,289.8597815469729
2391579,1,501.1986017147404
2561961,1,2857.749832748326
2251479,0,61.04048905592621
338695,0,729.7185301904545
1519707,0,2548.439001907127
2614319,1,3704.6748537081544
2930397,0,1003.7932850792513
1913747,0,-29883.245852421776
3350549,0,1110.0288070459953
527806,1,235.05015571507437
1167627,0,-29556.035058294354
395074,0,463.91122773997904
2283272,1,682.6850588531938
2522366,0,1189.338872447202
2178383,0,1062.0205093985717
3386724,0,682.2464418348058
1959912,1,771.278802064166
2497164,0,1001.4949872783421
3467003,0,442.0411966460698
2216100,0,681.6850197937816
3678103,0,1879.6663700997608
2811041,0,127.74117237864024
1893538,1,-28554.83610188835
914112,1,125.96587094427491
1137772,0,-21718.591594653797
978604,1,2641.3423456795476
1061806,0,-30525.48689680428
713362,0,491.02389709408874
960789,1,945.8228614117418
320652,0,1059.7076597719815
3928127,1,1462.3191488147304
484234,0,386.4024310855041
692277,0,425.16411679391797
2827285,0,1003.3128176021463
3312773,0,108.66299721944135
2176221,0,544.7457921063516
1485342,0,143.99873751585704
2488290,0,2940.8125075729845
1855845,0,-30520.256638776464
3908302,0,680.2919920530512
3933249,0,163.5393346127143
2486980,0,731.2262520566369
3470140,0,724.2354316212492
3941597,0,1252.416791387032
2660312,0,1349.7856792587513
1213679,0,504.0550613007195
3417070,0,353.3220143887614
1213614,1,945.8845737068818
2261558,0,125.17822938034301
1350758,1,731.7734434818567
1701678,0,448.7915187537874
1295870,1,355.62587304372397
3105310,0,1818.9557650829915
394436,0,1840.7566680779767
2981166,0,43.011481720556304
409932,1,731.3842139516486
2117080,0,1741.7331005653896
2015627,0,-2793.2651496422936
2166799,0,1517.9987164143154
815990,0,-1133.6548406086035
580889,0,1062.2878813609466
960788,1,1004.5218875024392
2618878,0,43.11714896516643
3519576,1,1608.1791030258885
2253055,0,1519.7096274961266
2641803,0,591.7221636011187
434703,0,833.4150576102909
694368,0,680.7438421224231
577111,0,2940.9197517628418
474507,0,781.351138648329
2730037,0,8834.675380293194
3128937,0,494.93870204272105
3907361,0,8845.280997620386
881277,1,3257.467894267527
1333256,0,731.8604524099082
2718380,0,1388.8226852148998
3242754,1,504.5434419705017
826107,0,1156.8108201491816
3535113,0,1842.670423989589
2885132,1,44.601913001716866
3540218,0,1459.9596664890876
201284,0,1838.1837710368322
822993,0,254.97069330462276
1615054,0,3820.7411836897877
821258,0,74.4414307392447
3197553,0,162.58769526273505
3495809,0,388.60997034281365
858238,0,499.94438426877315
1033546,1,731.6654514401924
3458519,0,1603.8219083840975
1388277,0,462.34948050627077
2038994,1,426.20435807457244
3767455,1,890.1214499791369
3359224,0,-138.43191479166472
3679995,0,587.9335506085499
577031,0,1320.520279020081
3370674,0,463.44576412570206
976414,0,8848.736954182246
3873992,0,2545.1431934333787
199745,0,234.4820108728881
3708724,0,887.4781387065112
2024106,0,2207.3785276935114
603266,0,320.9500086828106
622816,1,1188.8780093823505
2056701,1,393.8780714243788
2603058,1,8847.690150374196
462058,0,8843.164585039589
224314,0,1532.707773569697
2879494,0,1671.9177747456445
3230269,0,1460.039023119584
1864273,0,-29376.413638840346
1788242,0,320.69009320459617
1202876,0,1125.0003220098956
1461259,0,2056.1263086329873
2887630,0,1532.339104282698
2631841,1,1131.420508820684
2794983,0,633.4245846394224
1162880,0,-30210.962273698835
612719,0,459.4648206175165
3698063,1,1684.2391603884635
1893340,0,-30521.564549934188
3931820,0,163.15403723324735
2986419,0,541.1807828471779
2935702,0,1533.3334660932778
2730735,0,587.8239325357458
3954244,0,1124.1474142502652
477272,0,588.2870573899106
1738953,0,2267.578463342435
376927,1,8846.994052862392
2060468,0,1253.023451275859
1417986,1,945.3098796800739
2967073,0,41.61678586869228
1049186,1,-30189.009976440575
2452745,0,108.14618759051972
1199390,1,1325.4401192314126
684693,0,1003.3673928477584
2514271,1,1126.0136578610407
2239319,0,388.79019906524564
3017513,0,1068.0606803727878
3397188,0,321.78851716007654
2259763,0,877.731270889233
193677,0,260.45959512104326
1386093,0,4554.162468835
1831804,0,-30407.475902400452
1440582,0,1386.6515576621593
1605414,1,891.1936628689153
2192188,0,1385.936653959969
3323616,0,459.5355588177583
3453076,0,1762.1898872682912
3801817,0,1459.961289799067
3810039,1,1591.9602897875343
242224,0,998.8312297739078
3882553,0,289.76955537098155
840746,0,633.4662253911239
3833159,0,1187.3985570118398
1272022,0,202.35486776505374
3663643,0,889.351582042175
3500079,0,1389.2517238850028
890580,0,943.9680363543715
875578,0,424.11025737917953
2707048,0,2587.958116950001
1378990,1,3821.6830756851077
1471049,0,588.6685774642698
2522702,0,546.2973979873634
1295840,0,159.62636060287895
424240,0,1188.0084762146528
1836377,0,-29099.874799897494
1398596,0,233.9177915814865
1322965,1,210.01427481237548
245996,0,1061.649526040715
1685765,0,990.6428172716131
381606,0,60.87797779385585
1811899,0,-30503.67262762181
936723,1,1126.467375305732
3282183,0,124.79531219367948
1677523,1,1449.3639103750393
484598,1,1063.5313729017473
1518396,0,681.1424315994848
605972,0,162.69157980251396
1585910,1,31.43231436150721
748382,0,779.0089405336171
1126488,0,-21717.306648236823
454331,0,1391.2617796848033
3849761,0,251.48439571119962
1248428,1,1763.4112779960553
3884444,0,1459.4565458761786
2163864,0,1103.494974479776
1042879,1,-27308.9421186625
265921,0,1065.534762586825
2881882,0,121.20931051470542
823590,0,2832.776060571254
2647672,0,2941.64344357832
2930771,0,353.734511444341
1333037,0,108.6868210035171
3321727,0,4682.647009112352
3181354,0,1003.5994121877571
2254260,0,943.7176332384691
1981977,0,917.1273427926463
2237735,0,1382.9628939694003
2703655,0,1761.292696953817
3515891,0,164.17609606576238
3674145,0,888.7235429380265
1720015,0,2256.4929649567557
985808,0,424.88072927234714
3721050,1,-117.00080051985546
2201117,0,888.0997513725163
2577680,0,588.6266209741851
429852,0,502.35641653582996
679964,1,-946.6808818054286
1591476,0,1459.3127055910043
2797890,0,2359.790265429312
3940356,0,321.0338453447576
1580782,1,356.08681611094033
367110,0,69.99000606159088
2056068,0,42.277756903439354
657186,0,680.6712562903568
2739911,0,-653.8288961463871
2202723,0,944.3971328754628
3779986,0,1187.152499749683
1636158,0,388.1698925421494
2452820,0,616.5878776182051
1817893,0,-29245.96959640845
543181,0,1388.9647878643987
1098270,1,-21713.65742188089
209711,0,1002.3226615953481
1370523,0,291.2350422725847
1542972,0,2179.275124301161
3194224,0,681.3716806878105
458646,0,162.96537748298363
1121516,1,-25943.722745176274
820460,0,260.1563168086857
686847,0,111.27635838030736
3843584,0,1123.712413304092
275709,0,2740.0693344980436
2522886,1,589.794115287397
3656987,1,8847.172122385908
3220391,0,680.6257169857266
293668,0,3937.2969579968862
3761818,0,634.8010189413518
3653003,0,39.08067089965118
2806893,1,1125.6451063116338
3066215,0,354.8975209946046
3454320,0,125.23477499296332
1748682,1,-1224.8025065288602
3073477,1,8833.918931682496
514918,0,353.9655729054009
806077,0,1244.887088802599
1715844,0,3137.211986927066
844138,0,143.78507343432685
1440844,0,982.7306379387585
1082091,1,-30521.516606078258
1454442,0,126.02108344584093
2245081,0,-196.28462849694697
2594857,0,570.8904184686928
1811320,0,-30099.562130782473
2459570,0,623.9189087684537
1415250,0,1459.4713681068135
3375910,0,781.0999180576076
3859271,0,462.784758481572
1587819,0,1136.4015748943416
496929,0,633.5575594416417
525451,0,27.564697599848394
3384687,0,833.0979055045975
2894353,0,671.7868572334368
3168201,0,258.36400645643766
2060995,0,778.9589839782476
3047692,1,1004.0454431306116
1316872,0,888.4958397083914
1598563,0,422.1662140795553
3456439,0,587.5959375648026
479608,0,1683.044410553682
674487,0,290.5594181916845
2732270,0,1184.499218133965
3861084,0,1124.7397879748803
3023485,0,-216.69420706500364
3734444,1,1461.5154459479195
851172,0,587.5533533339674
1664819,0,1304.9699903695007
2003595,1,8848.619787693855
969381,0,8845.321497592726
1219635,0,424.76871058226885
724067,0,781.9682594678073
1375475,0,60.4110217171096
1373439,0,-76.658537673521
2697755,0,388.390398440624
1420658,0,564.6201318597068
1612636,0,1123.940797929712
2768850,1,889.9076102922843
3671765,0,142.40368207273565
1987121,0,-1233.8048222195555
1838803,0,-29674.384933098958
245608,0,729.8632275434869
1025245,1,835.2465958740939
1958951,0,1376.9569482955753
2415137,1,945.7099487781646
2278039,1,8847.520896801789
3745968,0,1840.4809970718825
1777037,0,41.249117862165534
623306,0,1252.7887004572528
2121493,1,3047.6328480492634
2283200,1,1846.1520566731385
2805592,0,3044.394243961056
3791244,0,888.3227171808403
1759505,0,8846.611366334348
1819009,0,-29439.45003174231
658703,0,463.2376539927475
1486952,0,356.1719335690504
1976716,0,729.9497517649971
1074295,0,-30511.12508022932
896051,0,1186.488820187691
1127823,0,-29729.587471925213
3099582,0,40.30041728678522
3658888,0,1065.1154776371243
2412664,0,291.5019453341199
1343245,0,8845.6828573681
2831024,0,730.9487717087761
1908743,0,-29783.14014330069
2689101,0,4174.669321280932
2670441,0,1125.1813079099927
752025,0,3362.301971331093
2160412,1,728.5848556905481
1734947,0,8850.046911053123
2208385,1,1609.3716453289715
3543301,1,2268.643645094365
2766180,0,584.392015744833
896505,0,500.3981971262674
3949491,0,1321.4044185104995
1167402,1,-30468.926477132565
3953673,0,780.8954730201827
449090,1,8847.089350256094
3168243,1,1563.4567828744646
2864444,0,8847.009106257823
383763,0,357.88778702287317
3695402,0,454.95447972613783
3858473,0,2739.2839348546545
1548546,0,545.2723114232024
487581,1,547.0304843173623
1937402,0,248.79157173738682
1204073,0,888.2395519939478
3434408,0,1461.4722646388573
2537507,1,2741.2444974038017
2209147,0,1532.111264970659
1032465,0,354.0085561197782
898583,1,62.492650362701966
218510,0,1062.4380999965992
361386,1,2840.370271027281
1818599,1,-29621.503100581707
2972403,0,1123.7339999637604
749344,0,67.19686773380243
1269731,0,235.06237978904892
2155587,0,8879.390679193477
1287459,0,289.9017506102226
2934098,0,3365.1437063288977
3090489,0,289.77176559997906
3859824,0,634.2312793386297
1338989,0,1123.1481723535962
3038112,0,2839.415755234275
2567587,0,430.2290211582069
3125222,0,1683.2247429616061
2760816,0,-568.6614668886122
262144,0,634.5830207668694
2172308,1,636.1280694682894
1648411,0,588.3235495997586
1711125,0,4542.244253182729
1101888,1,-21066.585546168164
2937272,0,1320.2983940246406
996400,0,2839.472787046672
1082247,1,-29242.074616190654
3353134,0,424.4743235613705
1965892,0,822.6257396895181
1743125,1,44.36576427296559
2445210,0,38.79988664633683
987237,0,1460.4823048338217
672789,0,888.2533469578211
3852612,0,2640.7146775521123
2870118,0,463.00927310795714
2414284,0,8845.77327322453
3784303,1,125.6261944029377
3840111,0,503.5379513091089
2185362,0,1059.09768083049
304417,0,1389.7370657149152
1286956,1,144.61368360739087
660697,0,388.24129763921843
3221673,1,547.2797601699706
618082,1,322.6009137845552
2111559,0,122.60580772169936
3541314,0,1389.439705715567
591617,0,729.8099701088586
1701003,0,341.98310770050796
3489834,0,1731.54942330444
1814935,0,-28308.87586110302
2973189,0,1188.2229006426087
864829,0,80.6249799011565
370629,0,8845.695761679775
2571869,0,460.8660095874587
3406982,0,425.637710590053
1443806,0,-877.5725333951846
2206279,0,1249.6796790721987
1916001,0,-30020.011009942034
1914475,0,-29388.96004763833
2489131,0,727.0514214410875
2271779,0,320.82080537361156
3857305,0,1760.3573968528071
3794464,0,3256.7884719221734
2890903,1,1321.3271577635649
2566915,0,8874.817616566928
2850642,1,732.5412494165552
2652157,0,43.18847103725351
1038709,0,320.99729538882633
1281195,0,261.25633513712853
1105827,0,-29883.826074180426
2243548,1,823.3193947274335
3933921,0,463.3710910003282
369172,0,208.57978441257598
2494051,0,391.90782578120076
2807126,1,1713.903742655619
3061057,1,1608.4957480636272
3511972,0,543.9493859071316
1482852,0,2005.8697504296013
1664626,1,1909.3011167875693
726894,0,1062.3055782397848
3046074,0,595.5827588570074
3199568,0,503.04122044935485
2932110,0,1287.8255805254212
2811901,0,2739.7560874632945
1785823,1,1533.8845119877287
1919118,0,-29173.77936574614
3112150,0,3346.6544259961934
3700744,0,1062.130788638656
1782182,0,834.588190038599
699154,0,630.4326080832471
1959221,0,278.0833208091399
3305298,1,390.03386394634066
3448236,0,1062.5589153102449
250129,0,78.40485234824841
1019052,0,1062.0079953468537
371057,0,1251.9747688210578
3532577,0,388.33082570510516
1460170,0,502.84672328523175
3261043,0,6521.592006962978
555670,1,8846.984631699868
197604,0,2940.5484680288964
1055528,1,-30174.307890589593
3860485,0,93.57917446970218
3191521,0,944.3295681282274
3391662,0,261.16936370075064
412517,1,1254.075774480871
2690895,0,833.7498396582668
2205605,1,8847.033970170784
2543232,0,729.5790847919759
599262,0,-1227.6417582512026
2703817,0,678.8871062468685
540050,0,633.4157792990444
2842863,0,2077.247836888006
3776912,0,501.40418630813343
3500625,0,502.88650839239773
852625,1,3589.2267048711196
2165763,0,163.55122415986452
1237822,0,1001.8823071749588
1560582,0,509.1619390769335
246681,0,587.281562866915
2599724,0,41.79231242145596
732555,0,354.11654560822996
646644,0,1002.3351398325723
226380,0,261.49377662763266
2149283,0,1187.4233513273616
1518145,0,1684.4920979701737
3235959,0,1062.3881946120853
3302582,0,1320.6468335791592
633957,0,877.1789520471785
2170691,1,2269.037937641184
344238,0,1461.299587193599
1715157,1,8836.400661433589
3207667,0,1001.5263252836401
3440853,0,943.7429697391844
2944699,0,8845.709306851073
1765797,1,351.3399787116167
1204195,0,588.7892031853354
1099665,0,-29834.58711199774
3177439,0,3519.5924346257448
2888540,0,-30471.389867755053
426231,1,545.5438428072041
3721287,0,81.7870253493834
1634219,0,220.957417806169
3506782,0,680.2152985621331
613473,0,1320.4827226449472
343565,0,1061.7489192649018
2560022,1,684.1735555870539
3035217,0,2091.9845489219724
1919123,0,-30330.7613297653
247834,1,8847.886150641632
3444894,0,462.9481716631843
1420498,0,90.66030592322615
385619,0,1062.3351711381347
1472206,0,289.57805153858726
3738702,1,1126.4828484553937
1893789,0,-29881.80806782003
1316022,0,944.1059471383771
1849691,0,-29032.245791744164
946283,0,502.400915470194
747438,0,1679.8190165471929
1646327,0,1188.3157340764
2252532,1,834.6085813396112
3346607,0,1188.1986474676899
2141625,0,1761.6961299280993
827602,0,944.1237462197147
856158,0,353.67855456681576
1359064,0,1250.3769345390413
2237063,0,2542.405726635105
3929305,0,233.3072975592367
404126,0,1123.7237298957843
1376172,1,8847.561683332964
2978245,1,43.77400614855851
3462493,0,945.550003283686
2119667,1,677.4987780742025
1582856,1,1461.411496336937
357013,0,1606.4200864512286
1341404,0,60.082408131420245
2548773,0,1062.5715413729095
937047,0,1442.8555819416215
3341408,0,42.86238900326654
3397119,0,1532.1831154142094
353730,0,944.3080105816833
698641,0,1253.00833856044
1352712,0,8845.485659050139
744037,0,290.1048123811791
1885355,0,-30520.6440598783
1346598,1,355.5576610001556
2717593,0,1062.1706226895008
2610659,0,822.3935192414755
3693776,0,8828.799547985085
1065723,1,-21063.39813229317
1360032,0,588.1615026872744
2030831,0,1206.378451805121
1146893,0,-30327.331817575134
1954432,0,821.3296179337716
3218121,0,2146.75580546011
3779977,0,-1149.4945946293135
979616,0,588.8630259020238
419366,0,1319.5938348202492
1116327,1,-21721.09732656378
1958312,0,491.8159349306925
518262,0,8845.457420921643
408201,0,1188.6376172003281
1789017,0,424.4463833675036
2680817,0,1061.9696679396297
1277931,0,478.45509550303274
732065,0,1922.4887726754764
3117743,0,682.6092827815189
252918,0,150.28048532586448
708196,0,125.17476155268214
3204511,0,1320.8054395014021
1540170,0,729.7042257958996
680261,0,2268.2942206215494
3694459,0,1456.5624864424249
3062058,0,731.1062588470147
1882517,0,-29731.262126277386
3189099,0,586.9752853388933
1202511,0,115.27359385394753
2616917,1,1237.2797835213453
997102,0,8845.078278185021
1959293,0,1047.5013614087093
363922,0,1389.1428303447246
3239931,0,941.0198824435233
1864243,0,-30337.972566896868
1627808,0,265.53687656877116
2238041,1,385.5885201636214
3920180,0,503.41479519902947
1590059,0,1255.4127708359863
3951240,0,1461.1158197533225
370431,0,8845.462161260446
612421,1,589.6206447267698
1292164,0,1606.353111854763
3455705,0,1002.2450085593324
632140,0,726.6082725011169
888113,0,502.5383156136415
963875,0,41.704702563731864
3726896,0,1062.749616608878
1829227,0,-28802.29389485808
429974,1,1909.7406611768263
1268948,0,888.0860663577382
1438483,1,291.82360888682314
959199,0,3257.498264266054
1482773,0,1002.0762613544429
274649,1,2737.262553694203
3003239,0,321.3733755197899
2447927,1,288.5056321195933
1812282,0,-28722.077711719798
2911904,0,1063.6176585814933
866916,0,462.6036068194069
3863491,0,780.4846732825898
2818740,0,-1176.412433151275
1880832,0,-29620.114979255588
705181,0,424.4521629054277
2103973,0,588.8785565396266
1458952,0,2269.1356029445365
2531855,0,1761.1913205383437
505830,0,1063.1039359385186
1644844,1,1125.50347818539
568892,0,1253.343674165334
2004172,0,1063.2621274694316
1635191,0,387.8766740347986
1992612,0,2184.3991279673846
2029745,0,2113.7871686967287
1221701,0,1191.75577891784
328804,0,8845.642857577508
3757467,1,442.1495285105905
572017,0,462.2837023262114
1912096,0,-26975.65507972938
1673506,0,1447.9174130565345
1514945,0,833.3464148831121
868358,0,8845.47557449656
2554642,0,142.66100311223215
2621831,0,832.8891775809861
1946198,0,1522.2889235348152
1342471,1,834.2291144706181
3903179,0,124.60274754657966
2646763,0,544.6825860109263
2670279,0,890.8304726698668
482993,0,544.6076423814624
2773708,1,7315.519446280031
3862297,0,70.58804843772653
1578653,0,4828.055240275048
560180,0,1760.6424437750306
2925553,0,1062.0077976070704
1906120,0,-30531.86941485666
2136646,0,633.4121452063248
2633794,0,729.611694021674
643577,0,2942.3109300525375
2549609,1,731.670459417463
1958586,0,-526.8104665277868
3479189,0,1388.9049539211271
3461755,0,234.32478322834947
3723802,0,833.3960542830699
3340308,0,1533.344469995932
1793814,1,2181.703366568056
1067131,0,-29783.821584916735
2048870,0,73.17593939088428
289829,0,729.34357227568
3454950,0,119.12853881999253
2052856,0,832.9506118986207
3259173,0,729.4017306218332
1876811,0,-28384.989865783635
2900192,0,2856.35886692456
2693648,0,780.8421764861578
1274911,1,2093.2794321655642
3118759,0,1682.4450033318462
2806963,0,1095.2023590464446
3026889,1,1608.4852600550307
1405720,0,8840.585014680652
2834871,0,1459.3016929310143
666974,0,1459.9133739544204
2497151,0,2866.4439572657166
2110018,1,1461.576334468425
1060994,0,-21718.967904468507
2505206,0,1130.5559537973213
2784711,0,1533.0870058484609
1133657,0,-28722.877712358437
2919184,1,2094.39471232423
2245615,0,581.683399653573
430571,0,2735.231594906306
982945,0,208.61851725862218
1428312,0,509.80657102949675
2477858,1,730.9912254167666
3065737,0,429.0510435316743
595171,0,833.0073808682713
1259074,1,8844.158448875593
2251493,0,499.1851954561961
1632322,0,503.4285981895277
3418574,1,1189.061801798866
2894468,0,8844.938296429129
3370473,0,3150.1003733898838
726293,0,320.87778889244174
480305,0,1123.6236084564598
690802,0,69.2385279185924
1624281,0,-1010.4744446224745
2929514,0,8829.637661184925
2003754,0,918.3402095050764
3214016,0,47.19620011043813
3533508,0,1039.24964272647
3748478,0,290.3667106097147
934614,0,833.4098127201427
427658,0,388.4762549832284
3521573,0,1127.5479264412468
2914664,0,796.6622037745921
2926808,1,836.5928537274953
1106036,1,-21515.59924103017
1145735,1,-27306.848277438738
2617091,1,809.9273889625683
1791274,1,589.5899337607123
3234946,0,588.2103547495511
2896282,0,1388.9361975598154
3180631,0,888.3728277280504
3293508,0,1109.0442357863585
2161544,0,389.9100936975791
1286592,1,1534.2816435985676
1726256,0,620.1312104424889
2191895,0,2513.5661927625342
2018793,0,2500.9524694356587
1139922,1,-29928.977459071382
2055026,0,-1227.5809225605794
2661655,0,261.6348595681661
818687,0,1177.8394093098416
2214550,0,53.05958407258715
486181,0,945.1190217885755
1462165,1,1846.1324719491552
687840,0,235.5699540224022
591005,0,944.4513371273367
3050990,0,634.8949805743091
1739758,0,729.6028982197547
1544435,0,1748.283626397096
362868,0,161.8597003742343
2701680,1,109.51464149947714
1425051,0,888.0162389833293
1134919,1,-21062.52545817325
1486917,0,1062.0249630079502
3717133,0,1061.69695491789
1640947,0,387.8807420384798
3261783,0,3260.9149348202295
3150333,0,680.4213438094977
1707107,1,1053.6004471473395
1710291,1,1114.567084171384
234151,1,1763.1239756268806
965311,0,780.4925447450172
1724132,0,730.0618373285987
1281658,0,38.234569980851525
2714131,0,41.57868649618873
479894,0,947.456166278253
3443090,0,1533.5917141143925
1444795,1,2841.932798058295
1348907,1,4058.0659631615335
1425775,0,125.59153180450146
3389513,0,887.3397973869653
1088983,0,-29929.205277164114
2032402,0,1390.4495034371723
2528818,1,8846.824002337167
1560630,0,2147.4535540564275
1731107,0,1322.1122120344733
1129681,0,-30243.71454053918
2812451,1,423.5367637483466
1768984,0,833.9039382851684
620149,0,107.9153387769562
1957824,1,671.812875197231
1821625,0,-29309.715375950313
1030806,0,463.3287116385319
1582927,0,379.3616075136202
3878314,0,389.6216487378193
2626892,0,235.5803457784438
2186218,0,234.66548215972043
3215381,0,835.042091508044
979478,0,109.70687310506658
196322,0,388.14026068654573
3676910,0,8842.077349772613
715915,0,870.9838933901746
3281549,0,1459.7129079890485
3900542,0,945.931249411024
958769,0,1532.6437238610906
1104258,0,-29439.37312726088
2798277,0,832.970107504031
3125709,0,503.20312260068647
936446,0,680.0741379230474
2414676,1,682.7588524435365
2801227,0,-186.3205807148653
3371810,0,2790.718482337336
1332201,0,10.874476660731528
3395318,0,503.04560978102404
1710065,0,619.4178380925309
2474440,0,2006.1971585109443
1138551,0,-30239.02210108293
3711080,1,8847.847290217038
1486267,0,184.72177191487518
3938981,0,730.4393755210216
2565863,0,1123.322374095499
395228,0,1532.3446909537809
1305745,0,1124.419167384354
1317403,0,1840.6589998771608
3241252,0,819.2327947416485
2538985,0,1124.5775183810442
3305971,0,2839.0385571381357
3453791,0,423.9088023984904
717172,0,1124.4340996836795
1758374,1,8698.678292293702
1108886,1,-21719.82450652698
1135240,0,-30442.71091714833
3042328,1,8847.561712715422
947792,0,184.08250131999827
1692902,0,1241.5583463219089
1789188,0,53.07355418087948
1832799,0,-30522.705797463557
525417,0,1682.6849466147246
1373981,0,235.1711286862101
2648003,0,377.4765699369668
1257867,0,1125.4217675530351
2805532,0,1188.106582613777
712242,0,730.1380263389772
3431736,0,290.10229513836117
362296,0,833.3845245896325
2992424,0,346.7390922589709
281185,0,181.8217057847145
3335621,0,781.8271015962978
2909925,0,8845.40071159039
305848,0,780.8795490285529
2150918,0,2081.748961873985
3843539,0,355.60080539885234
364436,0,943.4908520976724
367604,0,42.07266457082394
2983585,0,324.200316868244
1171054,0,-30522.478387197643
1225712,0,726.5601557122636
2177084,0,661.0154881928653
3396094,0,5877.938656835875
2509120,0,69.47154383124045
342230,0,784.17210279645
1196773,0,712.9301980226131
3807935,0,729.3528214198318
2260427,0,829.7305776156235
3153441,0,1188.6978332505453
1265928,0,316.98507329391913
339508,0,387.20456613786183
1809645,1,-29308.090918290876
1057055,1,-29437.530617974615
3223047,0,681.1846165334182
1828045,1,-29374.989099439
2643854,0,5765.075936228549
365464,0,162.09642638798246
1407217,0,-267.0453747228031
804333,0,2454.1441875812307
1582206,0,1922.9344847036734
2280401,1,1460.3869101223793
2414853,0,1123.7684573243905
2661872,1,783.9983131986646
2544338,0,887.1886270378674
2694601,1,427.22844248433006
3371457,0,389.32608849465436
1684765,0,621.6030652411532
2668412,1,2007.3408202360956
1734145,0,1460.73594637454
201731,0,388.48492925364724
1502996,0,462.7596194356164
2440989,1,1283.87092374168
1200439,0,2091.6015000482134
1858590,0,-29722.7096543286
589379,0,2006.2107920005565
2728456,1,2938.8281639605702
1744212,0,8845.686561017772
635882,0,-30522.852704510977
2611437,0,1252.7958113417808
1561777,1,1321.8511652131442
1133541,1,-21719.223718960442
1639085,0,426.74822881720206
2863429,0,8846.738796116353
3747424,0,882.568491255186
2205421,0,149.5887494678279
3149212,0,891.8109432190563
2116134,0,2091.626434159399
1905629,1,-29987.714707991956
3704513,0,2091.126296522159
3450230,0,492.2427620076994
3717379,0,2003.1609585833417
1326183,0,107.8295604458749
1554529,0,-282.79098886072853
3261041,0,634.2340106357569
2190100,0,1321.5806386370646
215761,0,1922.847529516298
3316637,1,1005.6010807754225
504037,0,833.8400663575279
2576186,0,1111.7833614616611
3219700,0,832.8002648642891
3045530,0,1461.365910350841
747859,0,1842.121895141274
1417177,0,2183.0960346691936
248765,0,388.96189351295135
852953,0,1761.5648970735606
3419783,1,683.024625084045
2574568,0,2544.334200278677
3856621,0,1531.9095967232006
1102804,0,-28386.257067917126
2062092,0,3588.926614332521
1903750,0,-29730.647956703568
3062698,0,189.12577202548948
2015264,0,262.09292206241855
3956256,0,143.0766247951275
1956162,0,576.5808913041459
1449419,0,2130.4071515112487
1542690,1,2543.7494636929146
914714,0,1762.1342914958675
1397528,1,1063.9801228168812
3538400,0,194.3296506511417
3393142,0,1001.9484053479872
2608603,0,-805.3542995893348
3725066,0,2091.5512364891993
730698,1,1391.4065700096687
3046440,0,1730.4480559896838
301330,1,1462.463964344912
3440595,0,1040.4838628701698
490575,0,3213.2921200494393
1581650,0,2267.9765886363066
2256882,0,2083.1223591032335
725432,0,887.1231478955348
1253663,0,-21721.291060367777
1461568,0,1532.9688169693495
1018757,0,1320.7571942147792
270255,1,2740.683363291347
1936716,0,1744.4762087961296
1224291,1,2643.4562799441255
2436893,1,1491.218428339847
1676125,0,820.3140825294029
2560137,0,138.73708239304472
3957593,1,590.0567313608376
2696313,0,585.3831244280713
880714,0,52.81976920411513
582333,0,289.58963495026063
1642687,0,544.9017080037105
1940965,0,717.9639987841181
1461538,0,1683.1547896608906
2442292,1,390.33743165856504
3676401,1,210.07758435190289
1950559,0,218.239214824845
2794867,0,997.3000332312835
1848019,0,-30471.597611573095
3098861,0,43.38454584864375
2247001,1,8846.703860044649
3320641,0,630.4371283359636
3685903,0,977.5700420496798
730579,0,1918.825089448591
3217113,0,833.5454843150904
3230022,0,185.39007181002574
473835,0,322.5677843982784
1951897,0,560.9931715792136
1693160,1,8836.069838151676
591366,0,502.2855233890384
961846,0,1531.9837055817986
455764,0,888.621641083372
3946654,0,2358.457547809764
3105560,0,2094.0439363989594
1000907,0,887.7233614819072
1533989,0,1321.570203716353
3413785,0,462.94991213572155
216188,0,588.5176695902209
3832093,0,1838.0831299894712
2877735,0,353.4722973470946
1509452,0,1682.6932525824695
1986995,0,257.0042479268306
2570312,1,636.8175050374884
1963295,0,991.0899135033612
2217952,0,945.1244883347139
288506,0,730.977426968254
3133811,0,287.7933229924035
3420663,0,587.7423953813102
3943476,0,290.5980254942957
3200906,1,683.5302067448376
3217130,1,724.159066515769
3434035,0,109.24601181750258
3093007,0,3475.014743450026
761182,0,1002.6271163771873
1531194,1,-161.15612912144164
3462287,1,686.0235689780106
691362,0,1922.1383586642944
2748553,0,238.4046670247416
3239068,0,387.95128151958124
2222347,0,262.3059189614494
2054439,0,545.8367734034372
1461998,0,424.9966256334707
2255179,1,503.8094635823079
2152394,1,1125.1664112458384
3907873,0,732.0204296405157
830150,0,832.8116547548063
1486750,0,1001.8217581183952
3203418,0,1061.7816335769194
2963735,1,427.13924624274205
3136887,0,729.9907203451213
909861,1,589.4293597647533
3902912,0,1389.392633610214
599029,0,1532.8513278414664
2925267,0,1254.5813608600322
2227526,1,1003.3074951164245
893631,0,1532.419086483315
370960,0,143.31051872913545
2155990,0,8845.554727735467
1667265,0,8837.249846571578
707048,0,830.5486986671018
1440512,0,321.40519028385347
488186,0,2450.877196410645
2253995,0,459.0485690838382
1757839,1,1125.2851055696658
1276619,1,1457.9218948240223
2826838,0,999.5344946747598
2667320,1,1103.743649067545
2189125,0,1532.8586172352082
1192934,1,668.3740463435076
893160,0,815.2871421617618
1001794,1,210.0832331139311
1683308,1,876.5303811334826
3548056,1,1314.1002582124574
2027317,0,944.7724625783495
3063507,0,322.1914301808979
536694,1,1463.2866069038605
1323868,0,761.4475142567713
574973,1,235.47772962690317
3114105,0,209.00331411672792
3193400,0,688.2852888133956
1477389,0,1681.9425619723563
498703,0,833.3261273364747
3668655,0,209.25972822522908
3027636,0,1324.5111798431726
3133021,0,388.70580495507755
3435800,0,729.3953030156108
1587081,0,42.50595493828914
1467912,1,587.3149303410382
3927206,0,289.55920658143003
3222018,0,996.5692752751613
3167501,0,920.756659640338
1390269,0,2267.7065938284713
1085165,1,-21716.86416520245
3459681,0,502.4398303853519
1578749,0,681.9486448081637
1030513,0,634.2195661100701
2833356,1,1535.552169732635
3474378,0,185.75366584636322
2548684,0,943.7057942435038
713787,0,462.3169340927551
1304391,0,354.9656861950117
723631,0,1460.4018257865512
3729361,1,1063.4803748592674
3949686,0,1123.953667036266
2745457,0,1839.1500924240206
3393480,0,208.95431775108722
898430,0,772.1030801204026
3358537,0,320.4925195105928
3776653,1,8847.225389555066
419908,0,1120.9925838242038
3513909,0,1286.339488832111
282782,0,503.7020840646047
3397082,0,1124.7817135712633
3855958,0,834.7799175384899
1330147,0,421.92086658022845
2795000,1,1460.6158568731887
681563,0,8846.208881566716
1946391,1,4416.232468116398
3406683,0,834.4364016544674
2641505,0,389.3461273619381
3878863,1,836.0235662499417
2560026,0,589.6162005209039
3770093,1,1003.0311167601619
3234716,0,681.688039362477
2184473,1,2740.934402334662
3252580,0,1252.8115296022672
413724,0,680.6414618048171
3449429,0,782.0139395287987
2785322,0,1604.205144185389
2425902,1,2003.7522578978765
3914663,1,326.4170935567082
965489,0,933.6743981924893
2625372,0,1454.995913250897
2185027,0,462.86496409572857
1353400,0,1122.9630839345978
1323200,0,588.6814510141373
3933705,0,115.27268549562612
3032655,1,1763.065861642464
572542,0,1322.1957778441301
3414126,0,1188.4094980419702
3530796,0,1123.2158621815192
2262953,0,-243.74368320608636
2618859,1,8850.436420601869
2680538,1,589.9038836741405
1380123,1,75.04370728525387
319150,1,1125.323111026849
3733660,0,1761.2754015454889
2172173,0,66.88185698682048
3378505,0,681.3970200863844
1500826,0,1761.1156158124788
312058,1,1462.134586459634
751900,0,589.9873157276329
3345632,0,1517.8301210125378
1621047,0,833.2029288924772
1687440,0,375.85097476511646
399713,0,1004.5727170286057
1643289,0,509.0784369100822
3118931,0,544.8317811260843
3807463,0,89.62936418630996
1319776,0,189.65756325342886
924681,0,1760.9808885865175
2218774,0,1120.9780510220037
1910375,0,-29930.817992143384
3051206,0,2725.5236150522524
2670171,0,127.29145102686442
2573692,0,2545.404990780265
579570,0,261.0021922735904
3749142,0,2450.692288907212
446857,0,833.0887064236796
1885226,0,-29730.659796856766
1251586,0,1873.6720484225025
3226227,0,574.3129827858974
2221987,0,1839.2352879144282
3051588,0,8845.760039355517
242463,0,1002.6598402149979
357407,0,1456.66062596902
1913177,0,-29882.338423327496
3372481,0,4053.3421140033697
2711396,0,1651.2026868830876
3791477,1,127.37500696022501
1378143,0,1124.216405118223
1971404,0,1447.3134894860054
274941,0,2739.4299108263176
1491726,0,3153.1443329225253
846341,0,124.58134609352815
2200985,1,635.1990735307542
978632,0,1189.1918890176157
1888585,0,-30279.643894910478
3390748,0,1062.7273621024444
502747,0,8845.900120786198
3389728,0,1606.1768974685801
456659,0,1461.097570285407
1820445,0,-30018.324587963154
3161287,0,730.0447462285745
2596450,0,841.581007475778
2637473,0,749.4805480650188
3451290,0,589.7778841533479
802706,1,1829.1177125021409
305567,0,4301.283474095067
2142080,0,29.395678717107057
2266320,0,944.3468759841121
2589221,1,8880.658692345176
2698449,1,2007.6996228492872
1506770,0,1025.6936764932955
913117,1,2179.6996144258983
3494589,0,162.98614563633785
2594541,0,425.3958517599904
3208804,0,731.8609608957232
1591724,1,13.000752877985676
981401,1,209.83598956041632
1155249,0,-30523.26837830709
1508375,0,234.65448714330572
946281,1,390.1428389591908
1352233,1,731.5834083957967
559976,0,833.5380687750394
3045118,0,673.1938814294482
3917252,0,235.17335447322472
631310,1,8847.326007515669
2833642,1,1518.1057528919926
3256328,0,1683.3575640317565
1347569,0,766.6921199811768
3681247,0,943.8130486741602
3010700,0,27.056793495313283
1846634,1,-30514.24435676191
2913592,1,1158.3672052458098
445307,0,249.68079889559678
2759875,1,1003.688944692834
3156988,0,587.3693371150202
2410293,0,2628.3493929042984
3958418,0,388.14035950930617
1975382,0,718.7723717145891
533224,0,8846.057156735926
515260,1,1763.3984235383734
1148283,0,-28880.26534241395
1275335,0,730.7647470591613
1199324,1,5171.450373346106
1232206,0,-233.10867783180305
1375596,1,1125.0807169658096
2120345,0,832.0498333952652
2120194,0,830.5522367597005
3300664,1,834.6119904691878
1552098,0,1068.9196205098533
1755357,0,1459.9542852137633
498235,0,41.15383432931534
1774413,0,615.9891829534359
3349823,0,2357.772023035502
1013066,0,108.14372855216014
3110936,0,1457.7548050789628
3296126,0,1683.6582383820307
3084301,0,1834.02995855108
2704244,0,263.14344444766243
2207342,1,1685.2849750737166
3002969,0,1188.7487283741561
2985532,0,545.1231657902905
2168672,0,8844.053783618012
3768938,0,188.16358704269135
275938,0,-264.29600699795856
1053265,0,-30436.084757007116
461293,0,425.1437076406984
1463486,0,943.5038372610644
314826,0,544.6097106315082
374824,0,353.5275198817879
1149278,0,-30453.724147433186
2760818,0,5559.438357515698
614017,0,-915.8887819302843
876260,1,2449.3270261929706
1405824,0,1460.9319680070255
2152839,0,1123.8439382911147
1589765,0,1606.3673738791865
802570,0,1511.113567170387
2905650,1,2742.4827199837823
1814273,0,-28204.510523637826
2791560,0,4813.7889981558465
1020921,0,1460.091241835674
1193301,0,1460.637751131467
966571,0,1922.7024172917963
558635,0,1760.6915456854726
2450848,0,943.6482206757382
2667444,0,1608.6503594078297
1081448,1,-21062.70729825933
454758,1,5924.952691991018
1830717,1,-27306.056025114653
334235,0,124.49232667820796
2271592,0,425.2125065469371
417171,0,289.81876943611275
1377458,0,388.8830493983715
2261002,0,1457.420204895718
520638,0,388.15993770287395
707541,0,8845.619602221697
245746,0,944.2139799163767
2399214,0,634.1309471713953
727444,0,424.86052888477013
2513955,0,1124.4954019876027
2150910,0,1125.1430370756386
2946702,0,1187.389550569859
2172165,1,426.70790606548354
1446707,0,823.1892558229607
1876583,0,-29730.602422740096
2758014,1,1126.2647673604595
2820454,1,54.86974541298056
1896933,0,-29387.971078275154
1374113,1,2385.720793075878
461858,0,6056.273199361109
609348,0,1175.5083834569155
1938784,0,718.0633313992834
2012418,0,222.50477047719272
1640076,0,108.47036149506117
1079518,1,-28737.35372658681
1337743,0,462.44590339676097
345888,0,544.2243460573967
2061134,1,390.73955706501783
2740468,1,942.7706369850097
3002197,0,1943.4865445347734
933014,0,48.759549347529585
375812,0,1320.4414540680277
2998329,1,58.93761803256966
1697835,1,674.028887874722
1151914,1,-21064.936566338274
589006,0,389.37099016210794
3707990,0,945.4824686814275
820436,0,496.8338571959551
3956306,0,1606.8755828354467
3310807,0,275.6145868965163
412988,1,3477.1152796504803
2621205,1,945.7545401187898
2712599,1,4061.8127021550226
659011,0,1682.5502830418156
3095033,0,944.4235529174698
1881764,1,-25208.319033398213
3909189,0,424.67372158054724
1777238,0,8874.31668210978
262796,0,320.90328984385667
1647156,0,682.5994848977898
3340867,0,1534.3089474687645
2697188,0,2266.725983496578
895647,0,2739.3142742704244
937636,0,4426.546816017094
1589479,0,779.7025370868903
1858771,0,-30102.003139836885
3113385,0,429.10029151374596
1262660,0,588.5977954016457
2785136,0,52.459364366890355
1829410,0,-27923.351784270188
2765448,0,530.7221355741219
2166041,0,1461.1054524755777
2520525,0,425.62293662569147
1237831,1,938.335166904601
873340,1,1000.4252660089828
1160366,0,-28735.65527388148
2670830,1,835.5848499081789
3327506,0,587.593038386249
3504990,1,945.6036058646897
1441252,0,424.53127833881206
3137925,0,424.7633080088798
2796153,1,546.3371686196386
3751380,0,51.07658455368058
2601237,1,356.279666873606
493822,0,3256.61300056585
3287367,0,319.91682387042874
3934562,0,208.24841544157508
3151614,0,141.03873836526128
1109283,0,-27723.99391987932
1419280,0,424.71600157803846
623275,0,1124.2325787784002
603943,0,633.1601189342169
3271785,1,386.6853674111836
2996696,1,1462.9201032444346
3283786,0,545.6751625897971
422430,0,2006.0775190139498
1004037,1,681.9462966509548
1075364,0,-29675.58254665465
2570457,0,4447.597636872779
3339419,1,947.1045055290558
3528199,0,8845.861550344309
2810778,0,237.84238750354328
2711657,0,1682.5243435443092
917858,0,1174.6770032943393
1693146,0,217.95996942329097
1213136,0,2740.295397669334
2274798,1,1249.1565809638348
1671509,0,8834.200955485278
3882649,0,357.13390976228476
2125383,0,729.7178428702155
1047547,0,-29827.12403841291
678840,0,388.6723855672552
3792501,0,1130.4241962130566
1878119,1,-30172.932988954966
1686655,0,2021.9041611221471
967419,0,833.4790377171356
2202423,0,8831.841732100118
1557007,0,1732.6337915833958
2454467,0,462.33698724238803
2572097,0,943.9307908902118
1326555,0,1253.2878002661419
3770237,1,550.6782959421199
1339703,1,1318.468912911483
3420265,0,1682.570393274155
3673987,1,1004.4586778957655
1351882,0,1992.2562229912612
3861435,1,1397.8340080565965
3662468,0,2544.9763514481897
1548703,0,4801.004005840804
2990840,1,834.9638496578788
410224,1,8846.104442232368
2281777,0,677.9811161900024
896629,0,2087.986371336098
3151646,1,781.2616056656401
1231447,0,680.6960445085265
3029358,0,60.03732321442583
2402037,0,1385.8626889164625
1200329,0,290.5026833208171
2620663,1,3766.3056749375123
2468593,0,587.8500205370548
300686,0,3476.4294892201456
2165247,0,53.49614177332449
3262631,1,761.1669146084438
1245315,0,423.0634673159138
3379866,1,682.9828775883534
2442543,0,354.3044997546426
1405736,0,6065.725162676672
1075132,1,-29312.236055542973
1572464,1,834.7636775538924
2805159,0,234.12960492641957
1751606,1,2360.061013416722
1947697,0,166.16524099777905
2756359,0,726.496715277746
3682485,0,1252.225689638067
354568,0,2940.7380138849126
2392607,0,424.43627295187497
3072469,0,172.65827745608814
1030184,1,782.2797302256625
2158552,0,387.91549954218215
3377528,0,1060.2304341113795
3105137,1,547.5457200033433
873131,0,1908.5379540858087
2024907,0,81.14676220845034
1751346,0,2267.9526525923316
3923583,0,889.2367118220375
835264,1,163.42880841137338
2713591,0,1002.2285542823388
2019363,1,2526.2048465601665
1724364,0,209.2323412138973
509529,1,1843.958126032144
457763,1,2179.83374396884
3346287,1,505.5302470840907
2418137,1,355.6399138005046
1839692,0,-29975.76653458246
1329927,1,1838.964217438789
3930258,0,729.8012077717183
1915896,0,-29975.47150614236
3206959,0,944.7162862293502
257327,0,-30522.523416420805
1871987,1,-30172.99653247541
1946167,0,60.251672119100625
2013215,0,208.99839533425705
1339809,1,1843.0293445266518
3889824,0,835.1453227103889
1640477,0,544.3463034736304
1483159,0,4426.508778437769
3326917,0,1389.1059220050734
1964109,0,1050.835605755324
1046882,1,-30137.901380675692
3883382,0,944.8076846115227
1504989,0,320.74909869602624
1127585,1,-30515.278989889233
3269779,1,834.7385201513163
3048818,1,65.73064282046631
207539,0,545.2443112062983
502075,1,2841.351991120936
2143090,0,592.8180223484006
1205466,0,830.8748907119153
552929,0,1122.8544807975368
3871177,0,1123.8044924702094
3063424,0,1252.8295786194174
2726464,0,682.0777553950055
3850361,0,729.4549586005794
3107716,0,502.46169556908245
1787904,0,8846.191366471427
3141314,1,389.66418945127566
293801,0,1252.6004160255106
1316102,0,4178.477485931767
401779,0,8845.79237125647
3749761,1,731.0276705338882
2140388,0,391.93381631559976
553785,0,1062.309204068715
2602869,1,1322.4281548514796
2263207,0,963.4510350497254
2413720,1,1123.1728125826774
3932380,0,261.9872473355187
3294182,0,1062.2844939832546
1075389,0,-27197.35250263565
1241515,0,-43.70972653725728
1453764,0,1761.1564710692014
2968075,0,1461.228293235695
1082568,1,-28294.685166551073
3917801,0,308.9998141930799
3655228,1,3045.8545124420048
3902660,0,4553.730776853277
1780313,0,124.40667429676488
3224143,0,634.265856936435
513667,0,8846.366071515204
2485108,1,1928.618784895298
3282443,0,354.43166842330737
990689,1,2009.5250163196501
3514311,0,60.765234374015684
3255248,0,832.7645436681655
2872432,1,4428.463373416897
3757936,0,1389.0089058724793
3720798,0,1451.5852200600625
1896733,0,-29561.284159607258
897070,0,1183.1623715350875
2105285,0,290.0389220527254
2618352,0,8846.986742550664
307892,0,162.52463276898027
935008,1,946.9529353966944
885196,0,1251.2554333805433
2894422,0,1840.0153785110128
2136994,0,1002.4117114586844
2139987,1,1391.040254313628
1583439,1,682.2848394752323
2672150,0,834.5377550893422
908379,0,1123.9006822351587
1477567,0,833.3508692944255
654845,0,320.8389813735114
727267,0,1187.9628886201697
3184914,0,683.5061747481077
3784713,0,943.885485523758
3855086,0,634.8802201984315
1533836,1,2268.6578640311695
2224212,0,2267.4263045690673
513339,0,321.5863639368561
1918164,0,-30486.1964570977
2259034,1,1535.6882480149673
3945078,0,1244.9904334199261
3076301,1,4179.946063868027
1456690,0,463.2339547348265
458618,0,209.44286492314143
2609374,0,464.166092048696
1284405,0,208.55616807736533
324920,0,47.3805826011781
3749719,0,3149.2719324320133
969567,0,166.69143943447733
879366,0,1252.6139141683973
3948431,0,1526.7249010024464
2743973,1,889.1562200833772
3492478,0,457.5035916961491
255005,0,1761.7753127084763
489718,0,499.42127583198425
2735266,0,-1009.0465966471018
899345,0,287.60066435900274
501836,0,353.6229307006652
3035167,1,730.9516409613246
469513,0,3249.2751752055124
1739786,0,45.1884708805809
1779833,0,946.0380384662644
3069421,1,1677.2073106440077
874073,0,2450.342321918231
3443631,0,1253.162453790135
1749963,1,1322.7358875860107
1111357,0,-29978.86267639867
3012590,0,290.0683402182867
1444378,0,288.11089104093924
3782777,0,1677.8417736499623
2475731,1,783.656826795505
1468802,0,1002.1218380486283
2603257,0,782.0872387696517
2746911,0,585.765009557505
551344,1,2269.081948732059
716694,0,1320.6277682444047
3663529,0,1118.5058322667724
2666942,0,462.1948107464876
3236462,1,259.6708638093958
3843796,0,2171.4737865070847
3070297,0,279.58338423794123
307213,0,2091.169221636593
1164504,1,-29928.308310471682
1549056,1,1193.5460173800448
1288729,0,574.7706754259402
1159381,1,-29616.39173305571
2729758,0,42.534424373324676
3439632,0,142.7774035541423
3286927,0,638.4225405217369
1289313,0,780.8989631279162
1054642,0,-29930.979548993044
1386496,0,354.2396182335344
3005615,0,545.7324693006802
3704190,0,946.0308155344087
1492812,0,887.4714032499243
328885,0,321.84636099481
2685111,0,1517.1622264431169
3412358,0,832.2363756392141
1707668,0,932.4494731343952
2694216,0,1460.3554714648683
1003926,0,944.4819789149583
2212329,0,1191.526728956487
2837463,0,321.37207687632275
3052199,0,767.2276723592138
665293,0,943.5254750712104
1715528,0,2633.705616943816
253934,1,545.9725848105785
310134,0,1761.330095167304
1470617,0,1460.5273800931832
3930764,0,944.4891919770404
2584688,1,589.7351147695241
3744900,0,148.92825385820794
2537125,0,1124.6487498925067
971724,0,772.8688262139232
886116,0,729.1997730457043
3284241,0,1187.5503268324499
2720671,0,545.0826531866702
2935058,0,90.77431693384722
902886,0,943.6312391987254
1893942,0,-27824.63014476964
2837556,0,1033.498757442821
332703,0,1767.1614863380942
312960,1,589.8717224208185
3441291,0,69.01495057035591
1584486,0,504.18218347558593
1411124,0,109.16267908439191
1592752,0,2267.9622261593763
1839569,0,-28640.538030846375
3924976,1,2741.007623182187
374551,0,1758.119846034868
619144,0,1063.4308118765246
3677572,0,942.8206957324211
1243207,0,774.9627518099539
286322,0,729.7679988553299
3338037,0,124.85887052278709
2447433,0,2253.2624122688158
3544499,0,2092.7777517720992
1233996,0,830.6249795296083
3368041,0,1124.3616173224816
3851820,0,2545.0381710995944
3520074,0,835.026000622476
739805,0,1124.653198050582
1455001,0,502.5412778375601
3073141,1,292.4765588504247
2004452,0,945.1495928585077
1613269,0,389.36475258250374
3193337,0,162.47520579788204
602279,1,2269.0531875706315
1499667,0,463.82568458991545
3134677,0,1324.961107314574
3188798,0,384.8379053361645
2232101,0,25.376160057442185
1085477,0,-29676.078104898013
1192009,1,183.05365673641538
2049527,0,1774.9349777560928
572114,0,887.8584464825574
2616953,0,93.6986125647825
417152,0,235.20672229518536
1522175,0,945.0726782011175
3660869,0,587.772948820023
2258466,0,1063.898504190114
2785054,0,2941.205371089157
656886,1,504.0490439563614
345032,1,54.7235535172502
2453545,0,738.8568052442284
3673875,0,291.9166854715409
1772499,0,2940.608000368444
3211748,0,184.22465821031034
3743551,0,876.4283413694361
2507389,0,340.14328740541976
2899715,0,1919.2817737187092
3130023,0,870.8089120621544
3334142,0,286.95040398275086
1780887,1,2269.006859746712
1354541,0,888.0892893642969
3261868,0,1457.840334595305
2655916,0,1183.2993621590063
1357139,0,1061.7984193188386
3375130,1,834.7691088091669
2800535,0,163.8263153032997
2060704,0,1191.9739437725686
1488774,1,864.8306116972657
820865,0,456.09136257227095
2739456,0,1125.6294134681564
1252335,0,589.5783764902316
294832,0,780.9787800922317
298378,0,207.90405605760824
3424232,0,71.02884193941168
2032094,1,732.2336036045427
1500952,0,946.1303675938422
1200587,0,45.61700332026673
514478,0,1252.676681533257
3739251,0,544.0615849182728
2250463,0,678.5093291769037
1413217,0,208.2339344671102
3065569,0,2446.626343133386
1519554,1,835.7330297833089
2758036,0,-439.21479925677414
3090117,1,565.4335889995002
3757362,0,65.21275655067869
731226,0,-806.7730392319702
912657,0,46.844614744476864
3148570,0,1320.5035514419283
1029181,0,3255.516230839862
2115239,1,1534.285095689982
3423504,0,1457.123095335903
941715,0,43.86849729173537
469838,0,944.512895767339
3337411,0,1003.8792807767925
1585090,0,3478.1395777599937
3750770,0,1683.3902838577976
1338478,1,1320.7489831829594
1776440,0,633.9543015189655
971360,0,2357.9494144796436
3113177,0,1682.9521944626763
3343797,0,2545.8807230451803
713132,0,2545.5539037657904
3693308,0,220.4789058616238
2695085,0,1607.4925669373533
3026544,0,258.7401072552594
2457829,0,162.6009758395275
3725155,0,1088.6468310551486
1008251,0,1254.1501049364401
3325014,0,1445.4178196759085
736031,0,2350.5260245933364
3527887,0,943.4002688116321
2457216,0,682.1895345847423
591123,0,184.56829313577097
1767026,0,1124.1767709602043
2885479,0,8632.384512124283
1854326,0,-28722.62400122381
1351435,0,1123.853297618811
2532236,1,2007.5338832129826
1198907,1,1843.6706600567632
562363,0,124.08194615405752
3712342,0,831.6893641891628
828451,0,8845.597026749969
1367788,0,1840.2894952813663
883237,0,122.54926876173307
1910468,0,-28295.43619060609
3120394,0,93.18547528230086
222318,0,1319.9773527602786
2637478,0,210.12901585075508
3140422,0,887.7893223802886
1244761,0,1459.7851419332371
3791300,1,2744.6165259914274
1078925,0,-30101.990981233503
1276354,0,94.5488742790294
898347,1,2741.4619780098956
3792734,0,1218.9598513181613
460812,0,681.0043484169124
1387838,0,2267.4957548185453
1988312,0,290.9141009065303
254637,0,354.2332802053636
1753448,0,1841.5651812842814
2042976,0,8845.71703574331
1020382,0,320.43518810598795
3332408,0,43.08608495796083
677454,0,503.01940882258214
751426,0,351.46379421409614
2734669,0,291.1328862857411
3157140,1,90.51415634418589
1761170,0,8846.413581526615
3949176,0,944.1222250991627
1551106,0,169.89339323404184
3377830,0,943.4599651652036
3189872,0,729.7238131974084
3134207,0,633.4321155059407
2925690,0,1124.9431696357542
3398623,0,680.1613416719479
2921459,0,888.4026527912756
932306,0,1320.2693918043076
3674032,1,2840.8479349051527
1649457,0,1253.8680997759793
1789593,0,2739.609284110372
3353651,0,502.7525206860192
3512681,0,833.0427851903506
2613392,0,8848.784993807578
2042031,0,1606.967236284299
541072,0,60.128191624481346
1337497,0,459.6263213208949
3726703,0,777.3792144645159
2971512,0,2641.2747032074526
1442831,0,3042.2783147420655
3843802,0,834.8188661250122
2408582,0,1187.9570082570363
3347156,0,502.28667815543326
1689859,0,376.3569173054356
1453906,0,1537.5862823686612
2251478,0,1762.794654098947
3056634,1,589.0953854463869
822846,0,2934.2614118285937
3148877,0,630.9772915403985
371337,0,353.85593838319363
2185579,0,1060.2793104104453
3388837,0,1683.374228019314
2776603,1,3151.6677684775887
2123630,0,834.3810964456486
3848006,0,618.2100443385475
693218,0,41.68649883075011
3509522,0,380.8935682287642
601262,0,387.798131693108
1446972,0,337.43797262556654
1161274,0,-29377.110110332487
3838468,0,1460.4208021447218
1767035,1,1004.2816733661875
2634499,0,589.273082270566
1062634,0,-30303.488708104567
432975,0,945.5791836951684
2615747,0,1253.0061415755026
3838672,0,231.60704788745733
1470314,0,1461.9552793028004
847388,1,1461.214713728265
3096560,0,70.56359309981801
3873150,0,832.9093148909816
2572706,0,218.22794534486658
2238201,0,140.10537302858137
3727737,0,1459.4846128272925
924478,0,634.1362100954082
898742,0,1001.2401046026661
1767737,1,1189.9787415994447
2654763,0,389.6502736784702
2439616,0,208.3719121907258
2791664,0,-230.41127466854982
1161432,0,-28639.757542016043
2577512,1,772.168711047975
1438132,0,1516.8792838828115
3955073,0,2359.4678036089977
2665111,0,502.07106962007083
1049319,0,-29439.43368912859
1743252,0,1604.8471784087951
326369,0,589.3006205485915
3171912,0,737.2750354056732
1757721,0,2939.9050424553566
1595426,0,503.6816507516371
342935,0,1682.8528154771643
872593,0,45.75527534093296
3721285,1,1036.82564724313
2992960,0,43.36739060671578
315001,1,1762.4388208071393
1836564,1,-30509.224680189294
1740890,0,41.907486900870666
1053488,1,-30141.318252583133
3417642,0,1253.658801222069
1694194,0,1241.9475809599285
2448841,0,234.10850876558374
724116,1,568.115887561459
3771577,0,548.1402206845661
581819,0,234.06835958120783
3101010,0,8846.97061584547
527695,0,387.9489587119166
1270757,1,2180.374225933359
3670309,0,1552.7122177985416
2125012,0,635.1912130594319
1845715,1,-30356.742249404742
3303132,0,1002.1696342390399
3130140,0,771.1293629788388
1593403,0,542.1569686465168
1634229,0,2449.93480598304
1788642,0,38.85323319675226
2259322,0,2179.7725190028877
3316708,0,1609.905561414546
523076,1,8847.01300301794
3878455,1,732.7615483458632
895605,0,1389.5727611129169
3872493,0,834.7187043818083
466618,1,292.07813645984345
461922,0,588.1208627262445
1749249,0,609.0301451244154
980294,0,162.30786885419377
475180,1,931.3172389656834
3006680,1,4459.183615587516
2993746,0,3044.8665504887254
2758012,0,3039.5111393665534
1318714,0,41.607715209746594
3358023,1,2726.5698018749736
3322925,0,1188.280340971889
2700445,0,800.0556546519472
2700639,1,3258.981491659437
2480210,0,2357.546363346499
325008,0,463.11090425343406
1770686,0,1760.547929148268
1989924,0,98.86360198787527
2026869,0,945.3486077216364
1906758,0,-28641.889601256044
2581517,1,129.24897604984702
3951453,0,1840.464564683464
2791146,0,677.6800232373828
1363445,0,587.8956289823607
2728705,1,2270.307681021693
853228,0,945.2796072042956
681606,0,2531.247953205459
1385450,1,2179.976843099836
2884580,0,462.87153613353416
656726,0,1002.750571040341
2273332,0,41.77140163057273
3392465,0,587.9412047881345
2686348,0,425.72621981267366
3789975,0,780.2700722801321
3316146,0,2545.4385966764594
991161,0,2325.9585511569053
1074877,1,-30076.904386684393
3878106,0,3936.271476472505
862155,0,1841.0687252464393
3488020,0,425.2952235682743
563620,0,425.2241395148934
2498824,0,2006.469498631399
2016895,0,424.1974881534795
850992,1,590.9056669115994
3013869,0,-3563.959746847411
2718981,0,104.63256821381758
3688058,0,730.2816753785673
3877261,0,290.3654363781223
2145251,0,289.36801942935875
817348,0,1916.8879498328242
438740,0,42.91162688042821
1470693,0,1840.6684393624678
2262494,1,83.64589531086256
2239944,0,544.0715043064029
2611182,1,8843.510834929404
2062242,0,1461.0870081483213
1320491,0,184.69261985420084
1083256,1,-29777.797699944815
1640157,0,321.59120122439657
3449911,0,544.501109612475
2863683,0,309.3457045384724
2723939,1,3047.1016249877416
3688909,1,59.11186679885337
1859729,0,-29438.994184561838
1364118,1,635.3109643049202
958220,0,3703.2269633043884
935798,0,252.158022859324
2197198,0,466.491896234411
1029426,0,1761.2924590866655
3490929,0,2739.2571502609326
1483470,0,822.7334127236596
3666379,1,8848.358368704945
392447,1,730.9571323298239
736239,0,184.61347195592637
1594161,1,2643.6836213682263
3462875,0,2841.3063163332413
1407974,0,125.42710794312958
3894216,0,888.5973688987666
2757538,0,318.494786004276
257026,0,544.9599640932181
867786,0,1062.255701702763
1533160,0,1124.2787086808219
3220315,0,387.9709717745357
2455539,0,1001.8693719486247
2716152,0,728.4576867244674
3268737,0,1459.9700221146754
2009188,0,229.85703428272578
460632,0,633.6772513196734
200634,0,888.4552833146782
380811,0,1002.6711818224195
2182597,0,142.26544166016348
2273806,1,42.64603675486947
1205520,0,544.3298134783842
611265,0,680.416346188676
589407,0,780.8426330156545
2561076,0,3149.3318514779794
1155258,0,-21717.278856336234
586527,0,1009.6231575625029
671123,0,289.98119587267416
2964045,0,588.5855432970686
195159,0,348.8002695940068
3841803,0,142.8431326725366
3289537,0,1002.7390932107247
1369493,0,2091.5470833009767
593818,0,887.6524333879996
3418534,0,1187.5479042724394
1787287,0,1668.898791774532
3866173,0,1531.9401308945137
2906443,1,8848.389396893428
743762,0,1456.6304342959656
1417573,0,2005.6564148827495
277036,0,1252.7596244386234
1005244,0,8845.356527804217
2140868,1,2093.198776718102
646008,0,1679.2374120862412
1115386,0,-29500.9699758757
948560,0,999.4589061791146
1160951,1,-30058.228593433578
3774697,0,888.8186173538094
2242178,0,1252.369856742402
2189060,1,1190.669091752741
2518973,0,-681.8256285086863
519408,0,1320.1887932154802
833019,0,1125.590747803629
1845769,0,-30377.935133047242
1447828,0,1122.618116225321
3513485,0,184.34088894145276
2844316,1,1391.965297808592
1971573,1,9029.840704294433
727204,0,681.7045468368862
1369767,0,1187.7085269363147
658313,0,1120.6682692251188
3785313,1,320.34896465566123
3924140,0,1002.1270054806628
306472,1,8668.518503641328
1678695,0,2256.4290760780536
3710284,0,47.631360054172376
1200025,0,1125.7965944547213
3430153,0,1190.9893245156452
2469693,1,382.3048448177905
3535748,0,672.2930011520476
1635652,0,1186.9091949873016
2497192,0,1388.4775242739452
2114491,0,1518.1698024059845
521697,0,887.0122912153972
3376185,0,2178.3481797944605
612001,0,633.3510623474942
3761063,1,1460.9649879678977
3934461,0,424.6566371926932
338191,0,730.1787708583727
471782,0,2007.8481509444293
412066,0,234.05638383041122
2219789,1,589.6979322796457
2874449,0,777.2016294232533
435820,0,2006.125156849098
2237163,0,-30522.17875397366
1117630,0,-29104.40686075053
2059450,0,2267.5565377908697
2855107,0,107.4898625436123
446881,0,682.157940515211
3715433,0,353.69093335666355
2752977,0,2268.8865328854013
1618826,0,1062.6510150006368
1842999,0,-30099.64363377415
3529498,0,834.6618464270477
324029,0,1047.980783271076
3048472,0,781.2700482037569
2646749,0,142.03968235580334
3656068,0,782.331208286336
642898,0,833.9249344818517
2246818,0,1459.8351744950642
2179857,0,8846.717564836965
1264426,0,1459.858901243819
1273191,1,338.1563593264282
2128340,0,8845.877581629207
1100516,0,-21070.83435625573
3487548,0,1682.8849435182187
993351,0,184.44397853105306
2622067,0,41.88768768512372
1809620,0,-29496.17821417088
256007,0,124.62260460854768
638413,1,2008.2359984218338
1619393,1,835.3032106082752
2886453,0,92.87380156884066
2206623,1,1322.1609564173893
2594431,0,1002.7505731053581
1099027,0,-21720.681531281018
1108628,0,-29883.37759733837
2868498,1,1321.4095732575363
979804,0,944.4469263711686
3366082,0,1761.3133442125682
1844907,0,-30103.821769346996
1616704,0,424.74085045204737
1729982,0,1170.0105599711283
1300908,0,1106.740003033434
1055071,0,-30525.072623808344
924224,1,1842.210071277037
1993820,0,205.21547432795177
3497199,0,1001.494844358403
1857781,1,-21715.736493160526
214900,0,943.9281550777057
2044247,0,423.9816203981115
3235495,0,1003.2092108214057
997463,1,504.5914105748967
524191,1,2268.905632254548
1525919,0,3150.480735435073
3709609,0,139.5742027617514
712760,0,142.53923730088326
1319869,0,1123.8599428195291
1127414,0,-29500.542070672484
3262027,0,320.8571342114997
3309894,0,681.158565498079
412844,0,353.93555819719415
3423441,0,2266.9807565021256
2181829,0,782.0084989011009
1710594,0,341.747003732499
477101,0,1606.7604910855123
1866564,1,-29391.67584810828
252864,0,544.8037919597442
1853902,0,-29190.560608987907
1293643,0,545.5378903901998
1504846,0,1320.411246563196
3451204,0,834.3888429505556
1610132,0,159.3474721127717
2278149,1,1189.6611743773683
1755999,1,682.5015346658049
340723,0,121.61065367138053
3455973,0,680.6740813719788
2798301,0,164.40440743075627
567618,0,1683.5332004313702
3546118,1,2008.1700935607748
2527566,0,575.6268504163784
1386366,0,354.1201480514015
3912221,0,502.307670009987
3737580,0,209.7037029741103
1757060,0,1607.031270605356
3450933,0,321.3402281516156
968344,0,2545.8682798841905
3782302,1,-277.2880219636426
429124,0,1389.2359249469387
3095980,0,585.0637608848729
2780697,0,666.0263537845149
2624850,0,997.6869604960672
369381,0,261.28281981689577
3689281,0,3470.624432830802
3036742,0,41.10660606874048
3548364,1,715.2929607178057
1068339,1,-21717.13801220966
1062629,0,-29439.084044374966
3751452,0,833.3923574722102
3545905,0,1844.1684198558157
2701093,0,-10.594600241470806
1471155,0,1036.4958720757986
1418225,0,1602.7564686416674
530557,1,3006.477216138451
816959,0,314.6813631812175
218321,0,222.76037990621126
1704043,1,1177.2326550070607
3089585,0,834.7812842736722
1815545,0,-30243.342888650262
1677529,0,257.95738354679287
509689,1,1188.5953108861759
2507591,0,233.4516794447528
201465,1,634.9974722004459
865767,0,389.05567878490757
3682276,0,783.3182768411239
720956,0,677.9043150006037
3320481,0,2935.645728995172
575000,0,162.2561176559788
3019530,1,44.1748581462137
3196167,0,587.9283076525226
1941604,1,8868.421530598414
2136526,1,221.75538842091794
904913,0,999.2735534382048
1869511,1,-29102.769622604465
293104,1,889.4349873920007
3098935,0,1002.2586329573343
1377825,0,888.462611185141
456233,0,680.4624873606333
813599,0,102.40747207027793
1404027,1,1751.562716112868
677759,1,422.5213909248155
1016722,0,1253.0935840384134
1242994,0,4356.773539891302
670571,1,1325.3800952384593
917222,0,832.7406225066793
1399156,0,1760.9866999913265
815823,0,1610.93858676912
1092797,0,-29375.728687593462
2765915,0,1456.2706159370725
632115,0,2267.5850496395965
1416921,0,944.0462998059785
2928077,0,1375.9925135879857
2014135,0,833.3335936624694
1401449,0,833.3600109387397
357551,0,1532.794179520953
1830294,0,-29734.0780825068
1217636,0,1092.574398309881
3415835,0,234.3305308740283
1211855,0,1124.866412525884
1562857,1,682.4500119269359
1597381,0,234.21615260814275
2032057,0,1596.299477751881
1997485,1,996.5496097504017
3357655,0,587.6825514806178
2931046,1,2093.658026667331
267580,0,1125.654558917103
713511,1,940.520825941201
3297207,1,1762.875707918679
591719,0,729.825602766265
3297786,0,589.7785603055664
200625,0,208.18111365904653
3505171,0,154.24689766722943
2900121,1,732.9227987116241
1541865,0,1324.3713439457176
385038,0,1922.9968194511603
2245915,1,465.3660371246434
1725095,0,43.225676288182704
3415753,1,1188.9669140428412
3891560,0,634.5708197242375
1547109,0,459.69973527936264
724366,0,420.0831714386021
696157,0,731.1950100922044
912161,0,3256.082322645354
1733287,1,635.3437125454685
1612416,0,1462.0608619306197
1986683,0,192.87304149116233
1038066,0,504.33610052865305
294793,1,4058.1858597950873
3046610,0,680.4727683788439
1457417,0,2937.3741463939837
3264785,0,1459.3997994132983
1623605,1,6670.065243960642
1712138,0,1448.2880920973164
1853905,0,-30174.37852345801
2164088,0,162.27180782879464
3177540,1,45.79449924291271
957980,0,2253.2402543610706
872158,0,443.95131985821075
3462456,0,633.5714404261179
2197072,0,887.958102903368
2882605,0,8846.225196221745
1713800,0,8834.051083487333
929096,0,3149.8834525821053
1731379,0,2164.082183624573
2113455,1,1924.0590855894495
3756623,0,142.5218815596462
3434119,0,726.2508405112059
2574379,0,7572.901441527605
3835523,0,233.30011796148568
3936409,0,543.7475957534639
1017150,0,729.4563868538346
821614,0,456.62350017579615
3015662,0,364.24663695049725
800164,0,355.1435439721458
3095233,0,944.2511341231915
2532671,0,392.0225552627754
3301106,1,382.1743482878366
2030290,1,2123.0871392601084
2611475,0,4813.358066807991
1433210,0,80.90386214387134
3698957,1,1189.4725297360087
2975879,1,6071.5637316569255
2203298,0,1187.7414117764008
2661229,0,1131.5239342229854
2529781,0,1001.4387950031827
2685492,0,-563.5263168523012
1898259,0,-29104.195776371533
2203406,0,782.0113393951823
1711356,1,1379.3923058809742
1641356,0,945.669793609565
2151879,0,587.7655039946595
1016053,0,8845.203461678382
2523879,1,782.3619269567113
855354,1,8847.843771822902
2592675,0,782.0271594163803
2792925,0,8842.189537038546
1732559,0,42.15225486328833
599799,0,1760.5916221704247
323546,0,1680.298193164628
2695019,0,943.7260392500934
1210173,0,767.6704748402634
2648747,0,8846.698655141723
1226729,0,1124.4983781461756
3341647,1,464.1565921293529
3503642,0,633.5613641470884
1678302,1,8836.462145787606
1167821,0,-29439.431431489553
2740404,0,681.0372962861952
2058431,0,163.32126416376775
2945509,0,1252.2771074335192
3846330,0,41.755661972141155
3375283,0,884.5869778781545
3181841,0,287.6696738720171
2921284,0,1253.377407499196
1233952,0,2616.4015588449647
2859647,0,-1146.0912938052359
1760440,1,1720.7830223342253
3481014,0,1124.2283964866185
3410790,0,503.9766836626729
2444743,1,831.8207600262771
3056334,0,379.6168409300036
3218081,0,1524.7092090382266
3888922,0,840.0548085969215
3422588,0,1762.5889162879394
3749514,0,-281.76332412976944
3021695,0,162.5573931515495
3320963,0,409.66817581252894
3809070,0,1305.4853702482508
3277674,0,833.8598954588127
3058404,0,1463.6020168695284
372185,0,8845.612155313385
1761189,1,2546.8408949679706
3434898,1,1124.9686913119042
2785230,0,1603.2807687598406
3526745,0,207.85431349421793
3924933,0,1841.9793590080321
2680151,0,633.147206291705
1143550,0,-28113.68660488059
2125737,0,634.4903668430696
1029006,0,888.5832699649753
2009498,0,3044.8989733326707
878647,0,41.68752030254092
3536362,0,42.750162265000895
3929528,0,232.7438327596513
605798,0,1375.8652419403354
3208721,0,1119.136734941323
3297333,0,730.1954755938534
2787970,0,-21718.84719763664
1266822,1,39.175779516435874
3461186,0,4178.370849051024
2017374,0,124.66804789775928
2158575,1,890.5200053093778
2558328,0,592.3351085135533
2547810,0,1061.8498328944286
1447435,0,1452.9416012456809
1470886,0,944.2295336536982
3377168,0,52.90043213081981
493237,0,1532.676070789215
1554920,1,545.7942934188765
1535923,0,2323.011082960318
1892908,1,-29309.126553883212
1698855,1,8836.420697981024
940990,0,675.1119321031297
3731061,1,8586.05553168326
2990043,0,2092.7369305712473
2238918,0,208.617914054839
946651,0,1002.3130503759594
2661091,0,679.9248823989202
3959195,0,1125.6698984774796
3293670,0,254.71709900040747
3874313,0,1532.9728252843113
2803734,0,559.0742639471669
412627,0,633.1482030329455
2599155,1,-21265.591973725142
916445,0,1460.1246566466916
3223742,0,2087.8434983836723
3304614,0,1840.7518625499354
3391702,0,59.46196096057016
2225787,0,940.4542522837769
3950999,0,354.6740393889147
1974660,0,454.15358854725207
2039862,0,220.7359847963555
3884521,1,389.52874640600817
2603287,0,944.182528337837
3766483,0,8680.262732388584
1137805,0,-30138.804429318974
3837808,0,60.90142390340589
1829957,0,-30522.384789905078
1145778,0,-28956.69181451122
1807095,0,-30522.51423226797
1754684,0,1125.1262761915903
562627,0,830.493296587822
3898551,1,1462.4582607378695
3228528,1,1460.186385914845
3881553,0,388.62474732543996
2711054,0,1762.2710281973225
1002872,0,503.1150659076189
2477689,0,463.38217347660384
2668733,0,80.57304463010385
2896643,0,1501.634140193394
963591,0,680.6653744799728
196173,0,463.28298864331737
3427154,0,503.67649000615137
3316417,0,2942.2671466323136
1423364,0,1750.9249112758373
3852384,0,1122.8105886567514
3247704,0,1187.6609520362335
3358829,0,1188.8535177069757
3918099,0,1321.6816616021752
3857626,0,290.1680547911156
2474615,1,2361.046803223065
1951928,0,877.0221980854227
2559660,0,833.740355686662
1702410,1,1177.977440814965
892771,0,235.2584251675345
2436768,1,682.5670173400387
3740460,0,350.7155269885197
730760,0,2843.1265692941784
1635651,0,53.23166255855986
2683809,0,292.5581256364401
1766956,0,834.453254788932
2235726,0,542.9461973588798
3248169,1,835.4831851669063
526354,0,2091.298024303392
932690,1,1390.3475874378773
3714852,0,354.2409845784464
3451876,1,591.2672451512216
2679218,0,1063.3922713657544
384551,0,2177.8689783725877
1002676,1,834.7217850288289
1390848,0,8838.983495615184
3301726,0,2838.631247134906
2753974,0,503.7390284231102
1743399,0,124.39481244500995
2667656,0,8845.139961753326
3433118,0,3149.191953008916
2024189,1,267.1302255485174
2002335,1,1841.6829667957743
1023651,0,353.2173876651866
3168889,0,2253.9464428902224
3501667,0,1323.6137970678649
1401118,0,681.0185921957952
540725,0,680.8088746943313
3153263,1,732.0551854017353
702084,0,581.9246021602303
1844175,0,-29243.37254659594
1127205,1,-21731.384497031664
916432,0,184.36985929963868
1504684,0,383.1194298425127
1791974,0,8845.788224318589
1634019,0,162.43587684793545
2202439,0,589.7559955668683
3110580,0,1110.8357325072536
3440310,0,3937.5716436515277
1981609,0,8835.037394203933
3846400,0,389.1896280020843
3913887,0,226.20612862201628
1674463,0,1051.283404044971
2190203,0,8846.368676985878
2238478,0,321.1819380691007
667587,0,502.46615522161375
1234979,1,1533.6429592733614
1674841,1,1746.9058451154312
3094718,0,458.1176412761701
2725083,0,776.7731889100503
1692723,0,377.14252741196594
613763,1,2740.953541335484
268896,0,729.6748008564228
3711574,1,504.5390921284887
2522010,0,1842.792353244484
3369703,0,8845.631697357485
3548420,0,680.8114183011488
3415020,0,2178.151159660858
2016039,0,1389.1287514441224
2481949,0,1756.0270030486006
509023,0,944.2327684670531
2717115,0,780.5610616359124
2011758,0,1525.650532248023
3249261,0,1679.9026932603015
2144109,0,544.5357337748684
2718252,1,1254.2064687043771
1870376,0,-21688.447956268355
1393470,0,85.75655309824164
364975,0,4053.426509989306
2651589,0,-243.42633024717284
746645,0,589.4206312011297
1541190,0,830.3933371916407
1627086,0,545.5777000954591
3477161,0,1123.8507406376966
2621456,0,1187.468605776335
3205769,0,578.9897018414679
1310140,0,729.3980204339446
2054412,1,668.2126136815479
3501571,0,1838.178742915474
227144,0,588.0400196236662
2438197,0,414.33440047699753
3053028,0,729.9125341787349
