sample_id,z,y
3741260,1,-1.3824936221338058
587106,0,-1.4003811791400098
738383,1,-1.3230904834188235
1355816,0,-1.7733461229605294
1966034,1,-1.5720665279539414
2542641,1,-0.9327098504226145
2805440,1,-1.268601739360529
1966696,1,-2.2148325364572807
2925243,1,-1.1085657402171716
513702,1,-2.0681393790308715
3140496,1,-1.6677810416956984
1990852,1,-1.2371546010500358
1120474,1,-0.8722483863748414
2245915,1,-2.2146638246991746
2634768,0,-2.100597822251765
1880720,1,-1.948155405140146
2473105,1,-0.8979381770465271
394937,1,-1.6895910035144495
614713,1,-1.4943889600703215
1711013,1,-1.8576067024121259
594025,1,-2.4436540821340307
3096008,1,-1.8697671305541819
2026066,0,-2.008822407354858
2891325,0,-1.0796548333222853
3532456,1,-1.2824059653821092
593518,0,-2.1435735785109267
469418,0,-0.9621067048797787
1673628,1,-2.012004003457569
1071893,0,-1.3973013229064688
2430932,0,-1.8321367442814216
1538981,0,-1.2800684255476362
2607087,1,-1.0977346046263996
3103619,0,-1.5419479244175354
336071,1,-1.7863574953499635
2394849,0,-1.8780177938117437
2946763,0,-1.1794582509517757
3526197,1,-1.2514829241829157
515962,1,-1.7214714472855075
2941963,0,-0.7527896537829943
1978178,0,-1.708999744496377
1133847,0,-0.5618392783233068
1085664,1,-0.8564333358821814
2104535,1,-1.3229294408713128
2869003,0,-1.5615808066940826
2244355,0,-1.4766073068518752
3183216,1,-1.7485853837268281
3005624,0,-1.511499823843908
2045916,1,-1.7000136758135271
2558208,0,-1.4352693147082958
244488,0,-0.8170868345043866
1034940,1,-2.109284549499119
287519,0,-1.6896056351271684
646644,1,-2.228030591382235
3328179,1,-1.6703779866432154
3332966,1,-1.2959636520211417
2712372,1,-1.4290765567810757
1108391,0,0.03951050461315109
2148800,1,-1.413800593369429
1901362,1,-0.9058008144219302
1170088,0,-0.6551749041187549
1721866,1,-1.5940187719619672
3505861,0,-1.6394602911912326
456952,1,-1.4309624411235315
3519576,1,-1.5340606612825205
3281021,1,-2.448910137412164
3072169,1,-1.7526287202050381
1768372,1,-1.1175689944402012
2604982,1,-0.942040331043107
2486697,0,-0.6263719976413175
1671684,1,-1.8247838309815587
378914,1,-2.25447657307298
3486247,1,-1.3371911041611515
2663453,1,-1.9631290045367
1137023,0,-0.8509539447157836
2540952,0,-1.4744315794689111
2644633,0,-1.6841416799899822
2759798,0,-0.5895546012298433
2748529,0,-1.1910785928627339
1606145,1,-1.1095558481457628
1061378,0,-1.058736166697982
617209,0,-1.1530512109479454
3196869,1,-1.6272931304412985
1627767,0,-2.28978594893363
3346151,0,-1.6826186464496802
3864487,1,-1.362240691129053
1790268,1,-1.5357204129964321
1746577,1,-2.029859442096778
716750,0,-1.435171722982626
438986,0,-1.6991071655307932
2023450,1,-1.3060779239584823
2873150,1,-1.8101883921422246
725499,1,-2.6519799430274174
2172901,1,-1.6150096627883124
1431619,0,-0.6019726686570661
2919184,0,-1.135704276757794
1888312,0,-0.49093923617301327
3244649,1,-1.7732993858563006
268494,1,-0.8847189477324596
2584557,0,-1.0947957630980267
2775325,1,-1.9915244282857978
1326299,0,-1.1744789975180785
1473393,1,-1.132575904997065
628423,1,-2.0076287816844105
1105408,1,-0.940992918438579
1217822,0,-1.5642675414970226
1195107,1,-1.836030803068525
1674992,0,-1.2693852149709417
3503642,1,-1.5695450153309591
1236719,0,-2.3697430659178416
2767288,1,-1.1125277704500998
387420,1,-1.0950173328963615
3443978,1,-2.6482919758099515
3197768,1,-1.57172368278816
3208444,1,-2.022522779991441
2871724,1,-1.7141200767097322
612496,1,-1.4747463857154706
1399087,1,-1.732054269829225
3483057,1,-1.214066471607373
2896242,1,-1.0793991094717483
615318,1,-1.7001122637620605
1239622,0,-1.2721320078744336
3698128,1,-1.9440033022201342
1736699,1,-1.6198718551920779
2052228,1,-1.7914283308190535
2860557,0,-0.3872209008344639
3919828,1,-2.9131551030904097
3185488,0,-1.614420371892425
983811,0,-0.257159356109678
2730241,1,-2.302852515958667
1917654,0,-0.9984996971197243
3239235,1,-1.3839774364754291
1722178,0,-1.0270569667345826
2152793,1,-1.54722042580342
1436949,0,-1.5938219954310306
2961728,1,-1.833208504832324
3780253,0,-1.4453207345442538
1964824,0,-2.038113986694059
2439356,1,-1.2365226921124126
1607276,0,-2.0479247415941537
458041,1,-1.7189954540678878
1010453,0,-2.279100186035318
3213217,0,-1.5403122331576504
3906732,1,-1.6781278536562314
1556675,1,-2.1747759124839545
1477026,0,-0.961122288916796
1561267,1,-1.1236564523332397
1772305,1,-1.4947194695431079
1279000,0,-2.132782813501429
3113798,1,-2.270252982292126
3217426,0,-0.7670294262418641
552457,0,-1.907572571493011
652056,1,-1.6536383550396152
665400,0,-1.352158310490494
1844425,0,-0.2972131234238753
2864210,0,-0.7564744115006473
390505,0,-1.4287655086020203
1616704,0,-2.0294421294698317
600128,1,-1.1303077133942607
1865813,1,-1.3193398653954194
2522743,0,-1.571237480301045
3836060,0,-1.6276686459230651
1280072,1,-1.666593833359813
3111556,1,-2.3908849875131883
747353,0,-1.5051737067875472
1767257,1,-0.704953367692747
2237488,1,-1.094236638657744
244210,1,-2.334256712910234
3340057,0,-0.22714342556842915
1623477,0,-0.8824190616290267
1394421,1,-2.119433932608224
3050351,0,-1.6219916655885922
1592148,0,-1.0868641326511772
1536601,0,-2.0884170276884353
2879417,1,-1.5618051254345442
1865155,0,0.09363318586258007
629443,0,-1.4776142368260536
2240188,0,-2.027597100454146
3380832,1,-1.6415254855295531
2415400,0,-1.1382562772121947
2637489,0,-1.1546666931926872
2027747,0,-1.6927684587590652
2596634,1,-1.2506796306455208
1997156,1,-1.4730560812376496
2400173,0,-2.633062309421055
1328225,1,-2.053815240276861
194536,0,-1.3416659850919557
404929,1,-1.4025026331404478
2254800,1,-2.555836517220626
2675657,1,-1.7180404229056339
2192743,1,-2.0315339558667196
3136401,1,-1.651118051062895
3499979,0,-1.4115831126752345
1261832,1,-1.7157344622109334
610247,0,-2.0342993199848043
1634365,1,-2.4852524206311526
3886376,1,-0.710978297999241
3038420,0,-1.1259619823628122
1748267,0,-1.5661298967548356
3330898,1,-2.2341451056234343
1641087,0,-0.657918460406642
1860026,1,-1.5188931595279493
2636761,1,-1.7090821741443423
1724379,1,-2.0419674488421053
2756081,0,-1.5577318334238617
2616909,1,-1.370287562321173
2849241,1,-0.6911423813980939
2718394,0,-1.2812386441206458
2408220,1,-1.5936811970703915
3105582,1,-0.4355961457026638
3452350,1,-1.332761954049519
3013657,0,-1.9069701822138365
1908168,0,-1.1576842240496201
3895472,1,-2.7474020087309317
3049621,1,-1.3189075038867304
325674,1,-1.2905321999829165
3133021,0,-1.4150343629169047
242097,0,-1.6249822883879896
3015248,1,-1.011852640250004
2456433,1,-1.5109278973380593
2846626,1,-1.7281552237553393
2140926,1,-1.4625288054733234
2623523,1,-1.3223626560825013
3174773,0,-1.5531891312843644
3303733,0,-1.7912333775087095
1535130,1,-2.4986348105951475
436803,1,-1.5376314268720983
1541774,1,-1.8036237504445038
887267,1,-2.184294619697106
2637852,1,-2.6987193446248714
521418,1,-1.3921270491917093
1111897,1,-1.5720572803100672
628928,1,-1.5475217243856156
472753,0,-0.6892283178570835
2728043,0,-2.384657824920085
3442793,1,-1.8832013084130017
571830,1,-1.735977532773745
3712737,1,-1.6953660349994633
2915859,0,-1.0197159145706167
3855086,0,-1.3246886565181422
650859,0,-1.3555654861022213
330144,1,-1.4358360546803168
732065,1,-0.8878375854273945
3142322,0,-2.2574510171826487
3918114,1,-1.9719662102861877
2435280,1,-2.052141847282378
1437375,1,-1.7250005691317298
1810157,0,-1.411907777439545
879087,1,-1.7123312242055555
2968820,1,-1.3557199288809993
613144,1,-2.23718534960111
2611321,0,-0.6123058664068519
1750094,0,-1.949755244279801
636450,0,-1.5964003928970336
441994,1,-1.8429964982051297
403115,1,-1.7735437956594833
2228356,1,-1.9665740585529936
1122415,0,0.3294928360402256
3125755,1,-2.0180381291013036
3173314,0,-2.472113544527754
631432,0,-1.6001229595790505
997019,0,-1.5778830497948528
2396325,0,-2.4163582174886526
3246993,1,-1.992639964334103
3518890,1,-1.7524310084746413
2614586,1,-2.021033545271444
2284715,1,-0.4954728969378617
316962,1,-2.1239058301521756
3154713,1,-1.5896298360046477
1319877,0,-2.071940531388258
2520084,1,-1.3088059696433367
212155,1,-1.5353721356912922
1695128,0,-1.644788958142502
1644061,0,-1.4211508303905291
3686979,1,-1.2793725018152051
1617260,1,-1.4469482386188655
1084271,0,-1.3255145697576205
1033273,0,-1.7449794276932773
1392245,1,-1.1587791362320203
3342470,1,-1.2511066143834944
645147,1,-1.0784252375799386
2557832,1,-1.1505016864264872
1828829,1,-0.7292039860690476
2441466,0,-1.455480251935946
3193337,1,-1.199524714034619
2971817,0,-1.7246374560869397
1441014,0,-1.645512529676142
1442481,0,-1.6425836549308883
2829094,0,-1.7032266018228823
1915918,1,-0.869243083673608
3547345,0,-1.9560962993108926
3441636,1,-2.1345721555912496
2419257,1,-1.694879579160402
341615,0,-1.2639135179810483
1991347,1,-1.5244111022355185
2266623,1,-0.5191950116180499
1419476,1,-1.26891726811633
1854737,0,-0.5226487139321551
3710741,1,-1.3216447063327317
1946167,0,-1.6233869154658411
2239372,1,-2.2607192483378276
960166,1,-1.6510056440191618
873828,0,-1.7652407042755964
1292902,1,-2.384347603949911
3528539,1,-1.0693764343774008
3044732,1,-1.8334115841326986
1511458,1,-1.5650330157081582
2423870,0,-1.3950955855946536
3800562,1,-0.8707923713480518
852538,1,-1.4213029042057825
3048250,1,-1.9727155226165647
2516125,1,-1.642767600477275
3775001,1,-1.0821413941003022
716925,0,-1.774647977211426
1456883,0,-1.9968316206643761
2033774,0,-0.9104224629137307
3199141,0,-1.9398327434341314
2634696,1,-1.493690962527461
3002238,0,-1.4716724823589653
2507375,0,-2.2410553415983374
3352495,1,-1.210151088681671
264198,1,-1.105797758555634
3243607,0,-0.9159049228457308
759009,0,-1.7041471571029718
1993500,1,-1.1635587204262017
683707,1,-1.3684698073584443
3912210,0,-1.8154883676301683
3715640,1,-1.675771754787404
2869307,0,-1.110886384003476
1045934,0,-0.730242238210226
817821,1,-1.4085482714049151
1307284,0,-0.5635662675995146
883281,1,-1.990881337486459
2895389,0,-1.4498492387514956
2759087,1,-1.6124155842610424
3286738,1,-1.545958265138062
3072050,1,-2.133717738435296
441070,1,-0.9325433059676511
3315089,1,-1.5978154624000105
2250560,1,-1.3287880824581941
676308,0,-1.5812104058135965
677989,1,-1.3375965268801528
3454358,0,-0.272039161273294
2992996,1,-1.5271824076331657
3727468,1,-1.8531255364371684
333267,1,-1.5119854172586444
1525304,1,-1.6208401778869606
2038430,1,-1.2248805440380077
1234943,1,-0.9195475962160993
3415318,0,-1.0667344905051008
519591,0,-2.4086208402692195
2809570,0,-1.2280138597918946
444110,1,-1.7120369000122464
879642,0,-1.9616332189432502
3251488,0,-2.1861362683000087
313838,0,-0.7733200568170484
1717980,0,-1.785774515449075
1310944,1,-2.787205752100138
1071122,0,-0.23935545283172588
229444,0,-2.2697723634156524
1827501,0,-0.8356748852555869
1682680,0,-2.0733034021715926
937677,1,-1.4610159139130456
860591,0,-1.7540715562555442
1242946,1,-1.749917415824658
1454238,0,-1.8621738215752746
313383,1,-1.2864294269967678
411617,1,-1.0347222367323337
2488086,1,-2.0153545313413006
1540370,1,-1.2569257533531866
1835744,0,-1.236398532051882
1557662,0,-1.3789586206912967
465687,1,-1.0510257172400306
2790368,1,-1.4057489776610037
426716,1,-1.82444497990264
1382977,0,-1.92241519965115
1582729,1,-1.4170922242308177
2626526,0,-1.7553115761555356
1453419,0,-1.410811070242879
3862762,1,-1.6419649800373353
1493553,0,-1.31834381591418
851316,0,-2.1353174840160154
3122448,1,-2.0826540456016773
2450181,0,-2.1668523039908827
1504952,1,-1.6169426241617704
1982852,1,-2.322563261062287
2766453,0,-1.368159585868633
546462,1,-1.805783030083171
3528846,1,-1.5748965426459063
1005244,0,-1.920271533215561
495799,0,-1.0291106019236247
1237268,0,-2.239379302060575
3258785,0,-2.053765653272761
458646,1,-1.5538654237268128
2234787,1,-1.3815258782053548
1905125,0,-1.565041281872396
3875516,1,-1.2437148070884416
3838080,1,-1.000467516317323
3222018,0,-1.1760365820283354
3053615,1,-1.6221009043592858
1474973,0,-1.7561953244233999
1906807,1,-0.29235857974532176
2711132,0,-1.4770809768402033
1440082,1,-1.9625998340819455
283341,1,-1.707477923390966
582027,0,-1.493080255278612
1467443,1,-1.0864220558161017
598863,1,-1.2056069176389959
573019,1,-1.7639934309901382
945058,0,-1.835902843847029
2748257,1,-1.9988431412302132
813531,0,-0.73170702278443
450791,1,-1.7323452032756996
3483249,0,-1.7585605309854464
1030279,1,-1.3841203069884365
2944925,0,-1.3605818091976594
1512267,1,-2.10213053724248
3257157,0,-1.401890537273879
2497313,1,-1.3474246544882826
280596,1,-1.121593607933036
1573565,0,-1.5959786377779135
332824,1,-1.6078667766730121
3759401,0,-1.0363814856932199
416136,1,-2.007213171612802
1087058,0,-0.9028265802049293
453676,0,-2.442599109796415
2559964,1,-1.8152898417265626
3367456,1,-2.1225699848674764
545654,1,-1.3208111623103143
1729586,1,-1.8707181504105534
253527,1,-1.0310905535404802
295035,0,-1.8184017309526956
690741,1,-1.8781894173837441
2236110,1,-1.8042944141849464
2841084,1,-1.477100611459489
2260674,1,-1.8735587457085687
1707219,0,-1.1345397220308082
1170793,0,-1.4252920121232384
2468382,1,-1.6805276405798637
440044,1,-1.9962931730294973
984530,0,-1.4726276672540015
1265703,1,-2.403072927155316
621172,0,-1.192535172068055
3030590,0,-1.412913790632332
2900965,1,-1.8477096455478244
2638555,1,-1.597107593465891
3911336,1,-1.4325206867377158
344083,1,-1.7327043104372657
2767983,1,-0.6535584230214682
1296024,1,-2.2923218338995595
2411748,0,-0.9661151744474173
3700230,0,-2.0035901900487487
845111,0,-1.7115441851484299
2436699,0,-1.76123238056145
3239397,1,-2.323267959461946
1910014,1,-0.8284029370951668
3382202,1,-1.5668336680680166
950535,0,-1.4653927647196012
1034348,1,-2.1302459994524896
1011342,0,-1.2175521190604812
2547168,1,-2.2349884184647024
2207643,0,-1.8436113549940436
1594475,1,-1.9468934850451798
2272799,1,-1.144698486799867
303361,1,-1.8854180250895987
3107637,1,-1.3332711448083416
1242079,0,-1.368767646300618
646135,1,-1.9231594073022849
2826146,1,-2.1253719518093965
2633673,0,-0.7468045128000096
2027689,1,-1.4743045023313646
1707309,1,-1.83479378661408
232514,1,-1.8619281257323126
3414851,1,-1.1460092067758216
3736266,0,-1.624242967563999
1396724,0,-1.5729879380294225
1976297,0,-2.2500660135067085
602579,1,-1.9214013549547753
1015888,0,-1.2641089782130026
618383,1,-2.12522751027605
1102077,1,-0.38320104753340267
536380,0,-1.38043643124153
3270054,1,-1.986323265827638
3013116,0,-1.0450217682364324
3042549,1,-1.4543210263869586
2696004,1,-1.9208887847534075
3753839,0,-1.8836638572971798
2883890,0,-2.184879652307856
3657499,1,-2.419197257721198
3294194,1,-1.5762462985941879
862831,1,-1.8443522978047702
3322077,1,-1.8058739520733016
1915307,1,-0.8537860828890024
1914984,1,-1.796597944628624
2570207,1,-1.7011638558365287
912161,0,-1.3994092705799672
1139301,1,-1.288416466067086
3241535,0,-1.7603891543199746
3120386,1,-1.4376279878125489
2941436,0,-1.6193171205458055
301813,1,-1.9049077120875955
360194,0,-0.8432738149090696
446435,0,-1.9492552531864153
1899395,1,-1.0607608194269782
1135835,1,-1.4733608832606409
2647051,0,-1.5844659993926142
1453870,1,-1.249135685202873
420154,1,-1.8141042626074952
3086792,0,-1.623674405892884
1621130,0,-1.4716948492165953
1351544,1,-1.8093634747225364
269075,0,-0.7619816792742788
2109428,1,-1.3545213623129564
817493,0,-0.4224909468127852
240306,0,-1.0478896019904893
3127236,0,-1.3175697382953797
1329539,1,-1.878452024249413
3423765,1,-1.5287126379337026
3872969,1,-1.9239382526900413
1003035,1,-1.4813875178239022
3899405,0,-1.9778077117779533
1534685,1,-1.1895078108843944
2216184,0,-1.9869433979433997
2933925,1,-2.0133115981539524
1576837,0,-0.8212315225775237
1862049,1,-0.7768704813592927
694320,1,-1.2141816399824918
3316283,0,-0.743200436062862
2986710,1,-1.8455120220140175
709182,1,-2.3035752473798237
1039550,0,-1.2685389753969807
2802540,1,-2.1633205648983607
3242735,1,-1.703515517524155
2236507,1,-0.845372059585577
506252,1,-1.421249257420104
2545449,1,-2.252606713411647
2797736,1,-1.5190308310930094
799784,0,-1.0201568095438063
3510690,1,-2.1378633585355713
670111,1,-1.3328385039206565
857973,1,-1.3572880894673194
2041748,0,-1.9448920624741737
2171925,1,-1.9874274969584993
3870188,0,-1.9058504929934226
3906767,0,-0.8808501661263386
2001966,0,-1.6525504203691082
2048906,1,-1.320846646846213
2022333,1,-1.7510964625098782
440596,1,-1.456965172166071
1220408,1,-0.8217396728895205
2210551,1,-1.1819121238713066
1326680,1,-2.5316354133952723
1172574,0,-0.7505549908844267
741856,1,-1.376317910047935
2395916,0,-1.6699362674798839
3280124,1,-1.6381401488610061
1848366,1,-1.7743342240070732
1966646,1,-1.9411483126944042
2708849,0,-0.7068031069869452
2233984,1,-2.0527514767943393
3329870,1,-1.1354266526298222
627189,1,-1.2397806304561332
3015555,1,-1.1884691131701448
2681918,0,-1.4353174814080416
3286788,0,-1.4497227160594661
2141532,0,-1.280534378515166
3338852,1,-1.7225248246008478
3303342,0,-2.4819642552681316
2712157,1,-1.7129935689920928
473204,1,-1.3871056151946624
2558518,0,-1.5134783806766614
3728532,1,-1.2413344735917589
2027026,0,-1.9522050855370128
2522864,0,-1.1253505467339735
1232681,0,-2.15511423699671
656880,0,-2.3898435230206294
467466,1,-2.0441303069697128
1392774,1,-1.8395906045532633
2924546,1,-2.229071487579937
1968031,0,-1.548395709444951
1139775,0,-0.6308579692418627
3854838,1,-1.498131273267033
631020,0,-1.1023652200263554
2607321,0,-0.5230226541812214
3831707,0,-1.0714835533974774
3489313,1,-1.4485559284269445
1906732,0,-1.1894455913872992
1767943,1,-1.587701698679878
735643,0,-0.9411410357116502
911625,0,-1.9997573625485048
535517,1,-1.0742856335322646
3437342,1,-2.0032834889795246
3233143,1,-1.581421440079255
220623,0,-1.568697091913751
1427172,0,-1.3888094203805035
2484980,1,-1.8849747530324938
1214908,0,-1.3264933214297272
942446,0,-1.6071348575617812
1661608,0,-1.5987406400692419
2940899,1,-1.5710481065154644
2394471,0,-1.6867223139612397
3329307,1,-2.0341132759909284
535397,1,-1.6550762793863383
367455,1,-1.4033842383834847
1577902,1,-1.8083133980152521
805103,1,-1.153168572267204
2241204,1,-1.2934006451568236
3746453,0,-1.273744995509481
605443,0,-1.6361290681181195
1235651,1,-1.6356057294954136
3749165,0,-2.1394988202112115
1378694,1,-1.8760017549443042
1111021,1,-0.48652867537847744
2865701,0,-2.1967293271011115
3070028,1,-1.3958087040062148
593882,1,-2.7461645958792316
448363,1,-0.9553553979039333
2796526,1,-1.9084457439394575
3774684,0,-1.7515403429307708
2260645,0,-2.040623876433204
940499,1,-1.6654763561538748
3850672,1,-1.9632886942169165
2826073,1,-1.668354629263268
1597996,0,-1.5007651041504129
3130732,1,-1.7361627689539056
1352149,0,-0.7644570241405749
1271865,1,-1.8560380462850243
2918343,0,-1.741782429443557
3466101,1,-1.186273313201878
1145664,0,-0.3929963807204955
1096748,1,-0.9709985351841369
1567768,0,-1.4248566259188136
3486923,1,-1.4982082601116449
2046305,0,-1.3252756565138768
1404194,1,-1.973022350677447
2966354,1,-1.779964250466584
1048847,1,-0.5968356928021246
356702,1,-2.388885507674647
3091669,0,-1.79636466437443
2492321,0,-1.5295556071410492
2995073,1,-1.6892666128289786
1366630,1,-1.0564746984711837
1647537,1,-1.4724937398731546
2111224,1,-1.9035928494745444
1953437,1,-1.5234720391822005
1097952,0,-0.7368338308046364
2272465,1,-2.014961149452218
3163497,0,-1.8822959374479127
3831817,0,-1.8209836004303552
1475435,1,-1.628342808060728
3771289,0,-1.1018814882338932
2394132,1,-2.192454131794568
937452,1,-1.4492101649732594
875996,0,-1.1925467508188161
1491659,1,-1.5437252251267477
632352,1,-1.9241227224705215
3763849,0,-1.5121712930005542
1877442,1,-0.7570742507595198
1128198,1,-1.4827737195161388
3933678,1,-1.709132940469906
584959,0,-2.1866088395458485
708192,0,-1.6796333279753728
3261864,1,-1.529479388292644
3107693,1,-1.5266222516330934
3837190,1,-2.2390334728071335
1061341,1,-1.3335010553930458
3926675,0,-1.5509878723374766
2247207,0,-1.9587762565941844
1035264,1,-1.0839689411673699
3835150,1,-1.3858292436301096
3009084,0,-0.932633617564334
2643075,1,-1.165480894193287
494568,0,-1.7360934454184573
1890403,0,-1.5298109424174515
3147224,0,-1.7205321339793822
1383817,1,-1.5842713443398486
2605646,1,-0.4854838838090394
1128868,1,-0.4521624770050616
1248065,0,-2.0269470312981217
3927533,1,-1.6335407356784155
1017388,0,-0.8146105421333654
3773753,0,-0.6444403973808358
2609838,0,-1.6405023346209202
368730,1,-1.795777809919869
2159180,1,-1.1971148348709342
277898,1,-0.9841430572555875
1550228,1,-1.4090989544559258
3491127,1,-1.5706988426559971
875292,0,-1.6435856604428172
1583938,1,-1.070655743438771
1362463,1,-1.5945094185852855
2573068,0,-1.6222148179944544
2184551,0,-2.478589915077262
3390658,1,-1.6076756232601561
3106531,0,-1.8677300706934283
2428091,0,-1.7212493671829374
314589,1,-1.4246430008535746
3336269,1,-1.2005907952909094
1765911,0,-1.4249657909778901
2278770,1,-2.5884239172116583
360410,1,-0.6329739991242463
2138461,1,-1.8072544453210742
915777,0,-0.11402458183046393
196993,1,-1.901643875297979
499163,0,-1.6890113636727409
3261835,0,-1.6300634959136324
593472,0,-1.4966323217721067
2767071,0,-1.0378587999825424
193885,1,-1.5188952394595214
1533992,1,-1.5707389836729717
1648173,0,-1.7988885010579778
1247903,0,-1.6820201644768373
1789017,0,-2.0553240601469938
250422,1,-2.0176233588699795
453130,0,-2.361200057262855
1566576,1,-2.2433145463104287
740936,0,-0.9703370835945886
1441277,1,-1.1950264177912298
2581429,0,-1.1611453268088996
3790471,0,-1.854244817437339
2038011,1,-1.1128320153732991
1675431,0,-1.373650438384637
1512632,1,-2.046085890396063
3107508,1,-1.6975768311623347
867841,1,-1.974017935039027
659559,0,-1.2741806884799303
2152117,1,-1.4969904678611439
632115,1,-2.012185904716001
3950074,0,-2.040386325606844
3272756,1,-1.9707440266557528
810266,0,-0.6441092464654354
3137560,0,-1.2820924310089232
2441544,0,-1.597848979027657
3880313,1,-1.4678989990357665
937553,1,-1.986277369775694
575363,0,-0.9545975534099786
2710581,1,-1.951990661559807
1950002,1,-1.872244866906412
2498595,1,-1.1857638138161617
3377749,0,-0.6533950992834818
1299582,0,-1.105733490450008
1117577,0,-0.9914632295523882
2256072,0,-0.9494940896436989
1781467,1,-2.2385343304643803
3772570,0,-0.7914956834900158
3747404,1,-2.003499040408436
650105,1,-1.9270039381170863
1227157,0,-1.309492999880502
547144,1,-1.839456639456894
3529667,1,-1.4730844673336785
3783784,1,-1.4711693898715315
1321678,0,-2.0627518984469253
3130781,1,-1.6897253109233974
1146077,1,-1.284164325518039
970899,1,-1.293874333702147
3155855,0,-1.376103307700691
225391,1,-1.8990965906327506
3361353,1,-1.615218075864297
2578924,0,-1.9890227625465646
955274,1,-0.8847654441579889
2217512,1,-0.9989710045196868
1679258,1,-1.55268647818646
239757,1,-1.0134364477271085
1115291,0,-0.7432920292515134
463511,1,-1.4370543443813382
2851506,1,-1.8895602141777392
2046504,1,-1.4094125301252611
1695848,0,-1.5666382786395188
3664016,0,-0.6410187008133701
1710795,0,-1.8797182851712906
2803943,0,-1.0467110894509484
1083996,1,-1.0406719059248946
1446241,0,-1.5275677844314148
1078082,0,-1.5985254571689644
996399,0,-1.4872665885427288
1278094,0,-2.053253411848301
1495107,1,-1.7307823882829205
3343921,1,-1.81473979327833
2122404,0,-1.3614226161950485
304254,0,-1.8044176900030569
308617,0,-1.8470354548542978
323614,0,-2.3365475754040936
3023790,1,-2.0821924800997476
3890634,1,-1.506575592308049
629133,1,-2.059367888682866
714853,0,-1.1325158840659495
3054964,1,-2.004421485932134
2106203,1,-1.1545008810381376
2880569,1,-1.2439528622356135
2103973,1,-1.0888818609487225
320813,1,-1.855982572267881
3919805,1,-1.9385801667188807
482826,0,-1.0289836158284842
3698214,1,-2.354121303895621
3874878,1,-1.1156618653686725
1017358,0,-1.1512743709550048
1588495,0,-1.121008697686177
1946325,1,-1.901881178393234
1156672,0,-0.861700081571483
355278,1,-2.0569571143553396
3834478,1,-1.5896537764906504
2048870,1,-2.1215597167625333
3235244,1,-2.1172015323852973
1294977,0,-1.3277427375487205
2990990,1,-1.9788579186907849
1014753,0,-1.6770125361296369
1231789,1,-1.0994873954772437
3052605,1,-1.619357756875394
3075221,0,-1.5121161331189004
523016,0,-1.8172002832318797
994873,1,-0.8381916958719996
817284,1,-0.6603845765167591
2426743,0,-1.3592384986918888
1972366,1,-1.6607231667365292
2430524,1,-1.5033339150624305
955763,1,-1.637468004377896
1631938,0,-1.060019390307152
3788130,0,-0.8267360036712725
1252024,0,-0.3128164535344822
569047,0,-1.7355414482053524
1821265,1,-1.936252842141641
962793,0,-1.7596588637337742
2425847,0,-1.8784195312987877
1024193,0,-1.0106324898674393
3519016,0,-1.9855661850789765
1044446,0,-0.42211022764631123
2649787,1,-1.1581329439937287
955303,1,-2.713905936112196
954175,1,-1.7204821986727035
2640917,0,-1.034302466828116
1716736,0,-1.8519915885336475
2876808,0,-1.2812788866023617
433452,0,-2.1493825764205523
3304070,1,-1.4392328422902345
3744819,1,-2.0459022681013206
3273447,0,-1.3300169640378074
1870709,1,-1.2550660481035034
2278900,1,-1.5385698063161826
873399,1,-1.2934690054353588
1761939,0,-1.2057563877480542
1269019,1,-2.4480374575406336
3389580,1,-2.6601411246484035
1915893,0,-0.6409041790405025
1837207,1,-1.0295337467157808
3756348,1,-2.3413193432191184
1368994,1,-1.5633440300043797
270561,0,-2.136076244383412
3097778,1,-1.631478569330537
393973,0,-2.1766657677852743
3053480,0,-2.0491995783576966
1011727,1,-1.1336690543768677
336991,1,-1.5310806841955626
1934921,1,-1.2972097401499048
1271321,1,-1.7727308277584921
3772675,1,-1.5433329558151516
2538693,0,-2.062157178010503
810252,1,-1.4651107302987902
2716498,1,-1.5680608442981796
1496219,0,-1.7528774461717411
2746823,0,-0.41252914433940846
2539327,1,-1.4798759786432936
856093,0,-1.768040440253124
1474231,1,-1.084375141975792
2170269,1,-1.17627307593679
1114523,1,-1.6866539140685632
3880386,1,-1.9635423098391809
3869869,1,-2.34784127869629
1966681,1,-1.9344399750081431
402840,1,-1.9935559764863566
2214590,0,-0.9630077128002559
2261740,0,-1.4085847207720454
3692759,0,-1.311563806092943
1145467,1,-1.123631999530625
1128040,0,-0.9820775948731729
2243946,0,-0.8299364771867649
3326200,1,-2.211291164010328
3952642,1,-1.7686990646699197
3191598,0,-1.6053347106679927
3508144,0,-2.391927770662649
1167627,1,-1.7095476933293137
1958482,0,-1.213239383068453
245608,0,-1.2752772526344558
3495472,0,-1.1699998170249488
3779657,1,-1.7857416622271571
1857510,1,-1.0498385955820497
2699060,1,-0.6956039633053364
1203470,1,-1.741412761546133
1549580,1,-1.1349326621150877
1091643,1,-1.0566358294321863
3357718,1,-1.3736248675200062
324600,0,-1.6174016360780963
540347,1,-1.7964011824661945
2878477,1,-1.3865027472144034
2777716,0,-1.2077760568442342
204069,1,-1.8824590623402675
2454958,1,-1.510097499989112
3385326,0,-1.1300040163107876
1369367,1,-1.1137669546007163
3464963,1,-1.9354297563067788
3667249,0,-1.905546627437573
2216715,1,-1.9523570815373115
1846764,0,-1.378830815819153
869897,1,-1.8518573108361593
1666687,1,-0.9518241944252778
335544,1,-1.0669395589483637
1511876,1,-2.131612608977194
2120945,1,-1.3691705677512225
3446348,0,-1.9972826539452555
3832063,0,-2.245398647862556
2810820,0,-0.789906978923714
1461597,1,-2.169804305587601
1230990,1,-1.2710904196366088
3275449,0,-1.320675887849166
3103066,1,-1.8060057776072078
449585,1,-1.7178082575090008
409697,0,-1.8246885711171918
2837556,1,-1.6936627251202006
2852159,1,-1.73851246028216
1287114,0,-1.9946396336753662
3791768,0,-1.5464549652487902
3663661,1,-1.528841967469317
3493344,1,-2.5324931765669514
3669215,1,-1.1603674249038507
1436393,0,-1.7484167769084027
2968750,0,-0.9313588464999079
224160,0,-2.1105264260461536
1232558,0,-1.642105695799239
3548420,0,-1.8776392970210796
401160,0,-1.6438203304232877
729642,0,-1.708140398136109
3893231,1,-1.9191068363761286
1446801,0,-1.0131839055137561
1963829,1,-1.7808648664088136
2917514,0,-0.8114986121991157
3158247,0,-1.9979110346884301
1886102,1,-1.215127801657754
1781078,1,-2.051223302086132
2701651,0,-1.836848834242071
2220619,0,-1.7473924462815276
1541857,0,-1.9520690284011184
2272579,0,-2.0283915131300243
2467031,0,-1.4980810034732852
1858597,1,-1.1108214908529241
3898326,1,-1.2206350507010002
2282040,0,-1.2430565270924272
2569961,0,-1.606750227342025
2901371,1,-2.3106956157930956
3764070,0,-1.1269524625181784
445385,0,-2.1745578450217833
451161,0,-1.3598440273086985
1228873,1,-1.6196561158522815
470065,0,-1.736493592555425
2509140,0,-0.9082788361465266
560133,1,-1.4271298275502398
3905759,1,-1.6137503361165229
2046341,1,-2.1154289492380536
3262281,1,-1.8646164257305788
920646,0,-1.570540141163641
1935810,1,-1.5392602891554528
338210,1,-1.8832137828974944
2025787,1,-1.778009413266191
346313,1,-1.342891799156345
2245696,1,-1.2993022924726472
2639893,0,-1.6607662236825635
485906,0,-1.4144916086266142
3139280,0,-1.9435347655060593
3300086,1,-1.990373829474069
1886289,0,-0.6961543602996574
1225712,1,-2.177958593455916
2564797,1,-0.6788754116165775
3806068,1,-1.5347014403448125
1967512,0,-0.816534907636415
3949658,1,-0.9915272354877441
2580865,1,-2.0752948177461152
3215977,1,-1.0473342549370241
2425352,0,-2.195717995171737
408444,1,-2.190272469624154
2500841,1,-2.099875160809289
1951385,1,-1.816739755663093
1414126,1,-2.31297726850467
3061633,1,-1.97199133954717
2972314,1,-1.073401331034196
243642,1,-0.4786068938730027
1047798,0,-1.1305749450131968
2502169,0,-1.8037572964844655
2830524,0,-2.3452632505559077
225864,0,-1.5728767145944733
2802522,0,-1.4273493170178788
3831878,0,-1.4632185540577052
3465803,0,-1.87969202393904
2411113,1,-1.7909463488568453
1548986,1,-0.5569320361960257
3208910,1,-1.3681049212297507
3876549,0,-0.6545894914766717
1853984,1,-0.8047366498436228
3056218,1,-2.2377532860631333
1980060,1,-1.5581876133024966
2653192,1,-1.1455321453723015
395797,0,-1.7752636165551652
2652277,1,-2.2228243621385753
1366208,1,-1.8199830001667106
1315518,0,-1.1796140531374735
1289402,0,-2.240226515786473
733769,1,-1.855432180376075
1910400,0,-0.9052650827914512
1148919,0,-0.586096060910847
2827883,1,-0.8188221985265144
3309191,1,-0.8083024408482713
1126298,0,-1.5676491223035423
3732167,1,-0.761509479287565
1108830,0,-0.6563874179814081
3337209,0,-1.8036121062093422
2706266,0,-2.21535639576003
685543,0,-2.202692648921425
3025368,0,-1.1557872016410011
695071,1,-2.30958107144716
2876414,0,-1.0277627926367348
2043747,1,-1.5840861306551584
3074181,0,-1.5047931107308006
2937042,0,-1.1119162351554257
2988441,1,-1.4851799320347894
603108,0,-1.0662632270736778
3461378,1,-1.9117084710554568
1072756,1,-0.751061660124673
2694264,0,-1.4174876610922966
442510,1,-1.5103689496266346
2883762,0,-2.1202628955034566
1577656,1,-1.6812383762992154
1864817,0,-1.1273946573067077
3285758,1,-2.032136416945438
2426599,1,-2.148041096958506
2695652,0,-1.9452697283370604
969757,0,-1.750826979792888
2448150,1,-1.2315802618542147
980692,0,-1.6442366217430735
709321,0,-0.7785674434199877
1639281,1,-2.123319468092583
1478558,0,-2.536929157823315
940773,0,-1.7748271627228434
1535943,0,-1.500841700196351
3168480,1,-1.5643579589719905
3245452,1,-2.0150514865662617
1253952,0,-1.3375777339930355
318389,1,-1.2183200856287968
2806417,1,-1.4468026366683848
1598798,0,-1.4220658519739613
1634723,1,-1.6070451638029797
2836508,1,-1.8796061393544594
984382,1,-1.3704918358571534
3469091,1,-1.7094892584588035
1913108,0,-0.767446942276589
1957229,1,-1.4949895740797163
3022302,1,-1.7247037057413168
225605,0,-1.9074410315405426
1378817,0,-2.0321814285145203
535794,1,-1.4336783008062488
3370476,1,-1.8368999384762918
644192,1,-2.3983938874466637
1440889,0,-1.9067326675831362
1395179,0,-1.2709210917909202
1210065,1,-1.0979581376227598
3073513,0,-1.7541350166780003
925382,1,-1.542773186228484
3202426,0,-1.5175987975168366
1705388,1,-2.2141509605098277
194798,0,-1.6280623815687512
1540121,1,-1.5760273305288321
1465459,0,-2.2724211915733075
505087,1,-1.727713157032984
1554945,1,-1.7915988304792576
1356900,1,-1.500699323647572
3264224,1,-1.7171472401002308
2931763,0,-1.9909887118995444
3458935,0,-0.822041669600446
1117297,0,-1.359865726289473
2968145,1,-2.1020207416732704
2196442,0,-1.059409975835052
1318624,0,-1.1301473983554426
682720,1,-1.1202399244669419
1751129,1,-1.4711324791212532
1052183,1,-1.2808121198377993
867040,1,-1.259232219491069
3228003,0,-1.5002667048511544
851331,0,-1.1731102939135858
3489181,1,-1.1445691295599176
269072,1,-1.6419880508983717
852915,1,-1.3224211442694573
628843,0,-1.561670888087835
2124736,0,-1.4751105806021858
1751465,0,-1.0766826313596365
2407427,1,-1.50762849066936
3308745,1,-1.6709805990261806
1221155,1,-1.5972735815531636
2982677,0,-0.8705518808585705
1907272,1,-1.744243932597933
3145740,0,-0.769876006529037
1292507,1,-2.057490389449236
3859000,0,-0.9013502282096014
3774028,1,-1.6452955919595278
2984654,0,-0.9040797846709147
1319701,1,-1.7842411360563633
864152,0,-1.9031539591739497
685794,0,-1.4322966527233503
652661,1,-1.8250548014875623
3744735,0,-1.0900252427231978
1503855,1,-1.3036609560628052
889703,0,-1.2851213325073902
3668594,1,-1.6800143299002275
3110400,0,-1.456459842024
2494136,0,-1.6450528235367603
634357,1,-1.4486618822055453
1323588,0,-1.1249928799080586
1641666,1,-1.4761318640733991
2838510,1,-1.5228091323561417
3787140,0,-2.053868476400803
1648657,1,-1.8573021008729378
3727564,1,-2.2371258118204413
258072,0,-0.4923180986143252
736050,1,-1.3346580588651538
572492,0,-1.1595029266888195
1206668,1,-1.7826794175045824
3497431,0,-0.3499129004834274
671449,0,-1.8617160510075064
449693,0,-0.7204373247057463
845105,0,-2.1505384726436065
433674,1,-1.7496472949115038
2051759,0,-2.1241471435374466
1088102,0,-0.7138563403524909
2624277,0,-1.840650245403147
880938,0,-0.5044694534277693
3312893,0,-1.4422228971269742
2816231,1,-1.4413447390844272
3301367,1,-1.534819036147329
1287884,1,-1.6926162852369848
1919321,0,-0.9130850267839996
3884029,1,-0.9773396684593844
2285455,0,-1.555866646813228
1995199,0,-1.1785931707343436
2567483,1,-1.5462721628804599
3487500,0,-2.2667485111455274
2555610,0,-2.2283031898805303
1074997,0,-1.2556034349668161
3209582,1,-1.3849528982238706
2575070,0,-0.9198528307930093
2273359,1,-1.1564282141383224
3418430,1,-1.749887858356428
1167592,1,-1.2482012071551796
2745457,0,-2.081379310167546
2770121,1,-1.6036652740274286
323072,0,-1.987931831499298
1645952,1,-1.4149622161843503
1296866,0,-0.9241912508782353
2920570,0,-1.417322515725616
2848985,0,-1.0381625423748266
2170971,1,-1.947724147486503
3806537,0,-0.7934606243995033
450794,0,-1.0198116854216157
663394,1,-1.7620024954588667
3741390,1,-0.9827429839150601
1739572,1,-1.7681539047982764
2442676,1,-1.3190461744334074
3792057,0,-2.068579205919937
2567956,1,-1.8298870198805566
1560059,1,-1.4222078593821845
935008,0,-0.3461972381727897
234362,0,-1.2705843573755593
2024764,1,-1.8023088847386513
1022002,1,-2.0789141477588484
633899,0,-1.417393008846451
2872715,0,-2.2065495439057923
3903521,1,-1.2625089795996658
800608,0,-1.762120730811036
965311,1,-1.5743842733607742
1489840,1,-1.9183245592539178
2619039,1,-0.9877325124498103
2773193,1,-2.062963746288982
578907,0,-1.530682745348856
2874452,0,-1.7964502234891246
3517885,0,-2.051768622452128
3048284,0,-2.235602366809919
1073638,1,-1.0254899797390398
3247350,1,-0.9880146246175329
953169,0,-1.152163395614385
1878535,1,-1.2582866504925008
1721840,1,-1.7885246587704284
382843,1,-1.137173049532775
234588,1,-2.7562283093420814
1680335,1,-2.200638517288766
3474850,1,-1.7638717429264112
3704338,0,-1.5174710471186081
2471140,1,-1.613178981089176
3222486,0,-1.8503278873228237
3083116,0,-1.8499223996643852
997484,1,-1.6812854246711955
2905255,0,-1.9285195437819125
2181361,1,-1.5162884796943767
2965268,0,-1.3784236545675244
1847713,0,-1.594178033216878
1760752,1,-2.6873386699393302
3023448,0,-0.7829746141204246
2551227,0,-1.5787806303176597
1052989,0,-1.120271094456925
3539742,1,-1.9742409069208693
2407258,0,-1.8055409932322035
3050059,1,-1.8357190717476763
2623478,0,-1.7510674687138417
3934209,1,-1.8755772932967907
3376727,1,-2.052549527703979
727750,0,-0.9695659696659835
1953131,1,-1.7243197103289893
3266757,1,-1.6660984324050752
569571,1,-1.5423204308239087
1974807,1,-1.9291408374212122
2045706,1,-1.160097122674855
2499233,1,-1.5881156824393379
1993117,0,-1.9699888965168608
386142,1,-1.8874220066852916
1497975,1,-0.7212914534208372
1727627,0,-2.326742906073283
2818752,0,-2.143399693117022
2940752,1,-1.2861832402215216
1627863,0,-1.6374794112585498
2023126,0,-1.1811290904973497
1089895,1,-1.4470015149920024
1602470,1,-1.421013541642987
1814880,1,-1.9718246699327315
2803301,0,-1.9494548538506495
3524781,1,-1.720828998412481
3107097,0,-0.9188181677041277
3877108,1,-2.1914083395724875
1511452,0,-1.7445364349452475
1682373,1,-1.1758520372637158
2276013,1,-1.3781790477885623
1916327,0,-1.5303450422142717
1705632,0,-0.9568524654011833
2897343,1,-1.9138929555760904
2279056,1,-1.602723634602819
3115637,1,-1.1469634089101657
2948742,1,-0.8904129171165236
1710780,1,-1.2844424072769027
556666,1,-1.8264876073841987
1342785,1,-1.4832425666270204
1450736,1,-1.2276242085760742
1266377,1,-1.6279866402302285
1969392,1,-2.875935077625522
920647,0,-1.676902853784572
3665184,0,-0.45350236616296546
2741724,0,-1.8627466348729846
405673,0,-1.9653808358027005
1195696,1,-2.0390660909097487
1908962,1,-1.4099393171245127
969573,1,-1.443829273651532
2447663,1,-2.0035790489784397
2845439,1,-1.8745808095751448
1123203,0,-1.4277833202381696
1535716,1,-1.802706138277671
484272,1,-1.3353827917160674
1116863,0,-1.114298176797733
3097924,1,-2.1478715718786128
2401712,1,-1.9471929106352412
429095,1,-1.7643059902440583
2818418,1,-2.136758626355259
2508547,0,-0.8097399724056463
1015240,1,-1.5340133053416196
1007521,1,-1.6727527808335172
1517796,0,-1.4510449545223842
2818747,0,-2.382028210567665
3056898,1,-1.432025738492351
3489618,0,-1.6076123367724442
3077566,1,-1.5665673001519826
1706271,1,-1.9985625552441422
3157000,1,-1.7726093597338608
1500206,0,-1.5260266273598704
2756336,1,-2.1437995837512056
399525,0,-1.6475480156521294
3391607,1,-0.33557232285477123
2882830,0,-1.9007591300572142
3853658,0,-0.30935050733736646
2723676,1,-1.1977135656352556
2179791,1,-0.8687964850353901
2522870,0,-1.6583681009303328
1489113,1,-0.5935805702605503
3946928,0,-1.819938893192288
2515165,0,-1.4053009288436062
1531257,0,-1.621875504434262
562832,0,-1.1667519773565223
828704,0,-1.9180931149628084
3280017,0,-1.647308608887454
1125248,1,-1.244023828217096
223792,0,-1.6509555893609735
578763,1,-2.438221097170173
2611504,0,-0.948689103044904
3055263,1,-2.2088692924404123
1159591,0,-0.9909028888351228
3067251,1,-2.2585453436820755
1262809,1,-1.2146162140225658
1077370,0,-1.362632508207232
3075218,0,-1.394266360932878
3253160,0,-0.950457318445799
1170369,1,-1.3293620366997547
3370114,0,-1.0419933564308144
1614165,0,-1.0234467198089197
584195,0,-1.3250702039888709
2700757,0,-1.605187619566034
2683651,0,-0.5547620188207503
883573,0,-1.443111575444131
1223815,0,-1.9924682795899828
3161925,0,-2.0523269029709468
1605194,1,-1.241296809781837
1752402,1,-1.511770042366886
1033129,1,-1.5461692127399007
822822,1,-1.876563823004111
3941950,1,-1.9925899670887062
723486,1,-1.1131429479942168
243269,1,-2.1203663467818816
328395,1,-1.9169468684672921
3869971,0,-1.365107907421081
368452,1,-1.5188273941908366
618739,0,-1.7885448365002532
394184,0,-1.299353949914397
389973,1,-1.1599326975853677
1103315,1,-1.0797965110612107
3143406,0,-1.8237290520858789
510266,0,-1.8641485034184937
3767918,0,-1.0559372715773563
1971404,1,-1.8440583075036265
1429573,0,-1.5267481018930762
3831736,1,-1.6748159951324657
3121095,1,-1.3410377628096781
2851014,0,-0.9457301819821975
2259591,1,-1.4821201714090968
2257965,1,-1.5574230146281993
1090966,0,-1.2788420688082895
3365083,1,-1.3410394052863592
2915661,1,-1.7476687106190738
1480722,1,-1.6636353082722621
1842854,0,0.02121688027177293
367283,1,-1.4907644338597374
896777,1,-1.8119287308392962
1310777,1,-1.9351057969316396
3532583,0,-1.0392490928651799
1156643,0,-1.0497906394272443
2874696,0,-1.5139717520006266
2821101,0,-1.7054454825586556
1305708,1,-1.6291974918453394
3791710,0,-0.49218827170374047
2161734,0,-2.5485057544427008
1466616,0,-1.3153819280355372
722368,1,-1.7022161663499356
3788667,1,-1.7547906964179172
1317481,0,-0.007564566317731725
1391539,1,-2.318218294509892
198085,1,-0.8990581528970322
1332457,1,-1.4810231735238137
994413,1,-2.404498571057364
2776294,1,-1.5288417068116926
2488383,1,-1.5187517445933465
3375603,1,-1.5367103555545338
1263093,1,-2.4560701280106025
2263799,1,-2.032045187629384
3722909,1,-1.3497405438239842
2549732,1,-2.0518018438294625
2892519,0,-1.834272153532508
1193278,1,-0.49461225885815413
1202202,1,-2.3751499948980617
1045998,0,-1.6349850126570185
996466,0,-1.8703729002428249
1742948,0,-1.897033492789022
237020,0,-0.5394893921113746
2273166,0,-1.358631206998539
746914,0,-1.4807628678608786
1193748,1,-1.30514622027223
2526577,0,-0.649590599122418
3858914,1,-2.2259192304043713
2493093,1,-1.7242605863991507
3324183,0,-1.8670261958852237
543181,0,-1.5639237455272244
2645052,0,-1.1076993426394839
2430658,0,-1.8966153135618753
3142201,0,-1.031495921831544
3270194,0,-1.488983059618406
2107410,1,-1.4260160773413073
2999643,1,-1.9486636027401592
3007919,0,-1.6095398202785862
3027035,0,-1.2810192728455216
552115,1,-0.5250488100481568
953986,0,-1.6694287463965924
2441562,1,-1.4044120351598242
1532455,1,-1.67159178685129
673700,1,-1.8054210231890628
2867572,0,-0.889111030649676
3126894,0,-1.644121854476065
578654,0,-1.5595194003051955
294185,0,-1.4121691427809688
2843611,0,-1.3756286505900308
3957835,1,-2.195924229499373
3183253,1,-1.7857724497591556
1754618,1,-1.8090247485441773
1144507,0,-0.5056783518613833
294044,1,-1.661608148630697
1028569,0,-2.2317687918846847
1435925,1,-1.453216832449837
2659702,1,-2.075558704211885
3285460,1,-1.6197150017064885
3802407,1,-1.7222969915793163
3100425,0,-2.0728768479265476
3257014,1,-1.8225839911840929
391608,0,-1.3876807212117157
751311,0,-2.3177894283255824
808412,0,-1.3315804360006454
2516865,1,-1.8454552412851402
842257,0,-2.05239133773582
3838260,1,-1.9786183380880922
2616062,1,-0.9498716351162598
3200237,1,-2.012772137850368
378726,0,-1.4285637560196542
819515,1,-1.9987853843326504
1211754,0,-1.3373026346478762
2808533,1,-0.9324756736028217
1329927,1,-1.2227422133594477
3110091,0,-2.3904146361225878
3761638,1,-1.523010390568555
1974814,1,-1.7322581456119437
280507,0,-1.731638282736
3326507,0,-0.7715872405686096
362279,1,-2.2816185432116076
397651,1,-2.077223046971442
2200895,1,-2.1143210240511734
1210304,1,-1.5623345683569723
2829291,0,-0.6296918033585563
374178,1,-0.8835282730798768
2278497,1,-1.3403286581208105
2711888,1,-0.7690534807998379
3935451,1,-1.7568039274677512
2206058,0,-1.3583802374777916
2761579,1,-2.1312459953902065
3296774,1,-0.8701945887169784
858238,0,-2.497962161902187
2594090,0,-1.4191282741743918
2895303,0,-1.5956979397942788
1102058,0,-1.0445184238210266
3007833,1,-1.723946967021526
2458236,1,-1.8716424441212256
2447570,1,-1.93743358983278
2548151,1,-1.270754372719545
1428914,0,-1.2235736682062144
1002015,0,-1.869863620808594
1663030,1,-2.1338456525958502
3493311,1,-1.5971726164856583
3807463,0,-1.2655500636545007
256163,1,-1.031103649976242
1892320,0,-1.198965979266181
3674993,1,-1.5061738365911788
2606471,0,-1.3291477328362742
2620516,0,-0.9359958052488848
1227585,1,-1.6838117533788746
3507936,0,-1.9861002145373523
480927,0,-1.7715484687023222
3524855,1,-1.336650237330414
3414260,1,-1.5917827508163915
447078,0,-1.3716292500807932
509118,1,-2.499599011761605
2745357,0,-1.3323521358623847
815296,1,-1.6161157824933254
1591463,0,-0.4795872123238494
3690856,0,-1.5268955906914112
2046556,1,-1.4391956973707998
215036,1,-1.168945561226443
3131461,1,-1.3521142314357848
1754684,1,-1.8138752551367552
3167073,1,-1.266489436162785
1635708,1,-1.0157089121526317
3942746,1,-1.3659599942246543
2512757,0,-1.9307837518575481
3072444,0,-1.2533321372607762
1978970,0,-1.8116659949752407
2275402,0,-2.3349580075004344
3180166,1,-1.1577434441400252
1434085,0,-1.7371688064608999
3069459,1,-1.4587066007070215
3082991,0,-2.010988338681342
3341788,0,-0.20998762512650238
1893893,1,-0.21398901418122707
2031832,1,-2.1364821695342058
442771,1,-1.2992400681694005
1536502,1,-1.6291168234486872
3484698,0,-1.0900253907236264
908480,0,-1.6639116721499083
2023184,1,-1.9631337954164643
503049,1,-2.794316499173922
3780159,0,-1.2481325974743944
2815144,0,-1.3876179026612552
1482281,1,-1.1130491325286591
2221800,1,-1.8796242325867671
280188,1,-1.7417947009156167
2014108,0,-1.4254279548111757
1315758,1,-1.6686837104728136
2112926,0,-1.6734450647868047
3832106,0,-0.48670872285251765
2970612,0,-1.6420625994585478
264979,0,-1.7154022876340627
3025644,1,-2.2875603968549907
3722042,0,-1.8964973426715903
3181922,0,-1.8487798448350699
2512536,0,-1.4383277809958126
3347212,0,-1.6062634600654535
971090,0,-0.7866884728451186
1580632,1,-1.6320675326674934
224979,1,-1.2030913866161281
1531583,1,-1.5604561092361273
3357835,0,-1.7763156946678846
1790922,1,-1.565976506780543
3932380,1,-1.1938379398013446
2558840,0,-1.4441636677644103
2872401,1,-1.9991162093347856
2740190,1,-2.280446175800879
1238418,1,-2.1132269683799794
1997596,0,-1.7379035207888602
334235,1,-1.9422697810096965
1339489,1,-1.7822844608398338
1978666,0,-1.488723512539961
1953701,1,-1.650175006154774
1269514,0,-1.3122901033519068
3346135,1,-2.099139608625525
2779289,0,-1.7665499443867159
272449,0,-1.3991397887336754
246948,1,-1.7311189291800342
1984119,0,-2.5238829289753633
1787994,0,0.1083484299375379
2022010,1,-1.5154862527533066
2806002,0,-2.2435402937132434
480487,0,-1.669870683014017
1074625,1,-0.5440358552874355
1098830,0,-0.6113240003748494
3166748,0,-1.2508727127315056
1124384,1,-0.7736678070295484
2434349,0,-0.5184740408399734
2794830,0,-2.7237864196326393
3692964,1,-1.7720087677606622
3904932,1,-1.7736379154052875
1575038,1,-1.810501123399286
1503989,1,-0.6377120379243066
2440295,1,-1.153668593092174
2253393,0,-1.4888074697940796
195040,1,-1.7146442695385236
3202392,0,-1.8956945336319484
2439857,1,-0.8093004706638561
1101731,1,-0.5241724662462598
935878,1,-0.9708884988166492
720577,0,-1.332042818318151
1483012,1,-1.9807019268172548
2443686,0,-1.7438004976175903
3096140,1,-1.7891052331693
2595846,1,-1.1045517621027987
1241273,1,-1.7693706234279738
2832928,0,-1.5935259325808866
1251015,1,-1.5935475567980926
318452,1,-1.6498910424173499
1215575,1,-1.4354325424704477
1506942,1,-1.4216158331574298
549844,1,-1.3851296305070875
3421645,0,-1.543992951553573
1863530,1,-1.4694414202191228
1911809,1,-1.6221830167751983
1987908,0,-1.954363506014119
2152948,0,-0.5726438803769196
2012340,0,-1.702502627115502
2757997,0,-2.000953562303957
982986,0,-1.1542167864207202
3477643,1,-1.4343399543085766
3106970,0,-1.1767534774871344
421109,1,-1.7693431289798143
3030019,1,-2.318079282194927
1217578,1,-1.299372540439375
1414107,0,-1.3639414563231727
3749461,1,-0.5872988078189515
3875064,1,-2.219804956350124
3541165,1,-1.6225643131595546
3931948,0,-1.1607857277975109
2283837,1,-1.6356882789400309
657706,1,-1.6958480123486241
2283897,0,-1.743592180376194
3907779,0,-1.702411431085821
1356706,0,-2.157649659534286
555992,1,-0.9900515832848553
1140169,0,-1.5724361872467691
466563,1,-1.4510613432340345
1701607,1,-1.7762092127778606
1489413,1,-0.9963224344164698
3531913,1,-1.8202015714994564
817847,1,-0.8009779636381358
2271474,1,-1.4213374137683437
3112055,0,-1.0913117102943977
888394,1,-2.070988543452687
1044716,1,-2.0850058811756447
3010084,0,-1.4815030621306926
1081801,0,-1.1447594302232305
3850774,1,-0.9324534760458952
966620,0,-1.6449314674846984
2446743,1,-1.2922171280236934
1390185,0,-1.5730174131920034
3781911,0,-1.5303555341593404
504424,1,-1.7989769709840733
3193080,1,-1.8050777367539221
1046191,1,-0.20195878928863242
1298953,1,-1.9495885729534634
467377,1,-2.097314941337901
1204719,0,-2.0864778102855337
2556944,0,-1.7072079701530063
2441843,0,-1.6058480626447125
1852786,0,-1.2830954812846618
2511626,0,-1.298403197744576
957258,0,-1.2030287525002827
3867440,1,-1.2188264180818669
2418402,1,-0.8079024756489361
3237449,1,-1.3271804336696227
2557018,1,-1.3810826314743045
2966420,1,-2.1653339998942114
3342881,1,-1.4856512507230335
3876037,1,-1.3902448513357382
1889846,0,-0.9645882089816253
197738,1,-1.7094521124150477
3773286,1,-0.792768291935361
1052646,1,-1.636265065630878
1354622,0,-2.5050189628761377
1881548,0,-1.5761428277844802
884142,0,-1.1133814898359795
1205415,0,-1.6469292127988733
3282773,1,-1.7201718121256215
2239499,1,-1.529670482955834
1234235,1,-2.465191291205585
3448732,1,-1.836532218843481
948245,1,-1.9715089322337922
906694,1,-1.5428774058104182
711868,1,-1.8933317227823498
441535,0,-1.713710869688351
1781806,0,-1.3225003010887102
1936186,1,-1.3243309588482484
1694877,1,-1.570153565810784
3417926,1,-1.4291616738263784
1755592,0,-0.5200717216064514
727268,1,-1.0171865122237786
1409326,0,-2.0402515748884875
201950,0,-1.7621788255461102
1621353,0,-1.312092546149089
3655362,1,-1.4065007334724857
233663,0,-1.900412643865021
918452,1,-1.394833282985624
2744692,0,-1.6801783717588066
1262335,1,-0.893353712854311
3953295,1,-1.81093446832658
2543134,0,-1.1969718496896709
2765248,0,-1.4560454989420932
3291229,1,-0.9969596913933659
1781351,1,-1.9263737469814903
3193949,1,-2.1517820167837214
953328,0,-2.009464399391131
700622,1,-1.7172308454434555
1334221,1,-1.4889804489521679
893123,1,-1.6779689723753672
1759994,0,-2.431508292021043
279310,1,-1.7589555244632842
268004,0,-1.786227625798719
1410632,0,-1.1745321759142482
1361777,1,-1.362258176236212
2272027,0,-1.3934251638620474
1218727,1,-1.2037920295516866
3188838,1,-1.5118416891440378
588828,0,-1.2734053834654548
1988322,1,-1.3059313435855298
2104092,1,-1.4889503567512987
266496,0,-1.0916225353937614
668376,1,-1.382043073296523
3207325,1,-1.978611148306751
931998,1,-2.7220342881473645
2469796,1,-1.6097296996439177
3500625,1,-1.4746322299951506
1561055,0,-1.5470518757653373
1871503,1,-1.018719329757286
289030,0,-1.6274559172696204
2729259,0,-2.3400044236182485
452206,0,-2.185280065050153
1441872,1,-1.8921730013748674
3880171,1,-1.636794715514128
308956,0,-1.208119937147985
535328,1,-1.5745602420074465
1375160,0,-1.7054996987398299
2168226,0,-1.3514411886138054
2131680,1,-1.829544079501293
253292,0,-1.70752499842603
3401387,0,-1.9340322284047793
3469888,0,-1.7341670242853116
2006892,1,-1.2125242993736078
3751010,0,-1.454896584988506
2463057,1,-1.3224604240737143
3135281,1,-1.8576076485986832
2392660,0,-1.5039669122461994
733825,1,-2.4896690832687454
3955661,0,-1.370847602381784
2949660,0,-1.6365085540954067
395800,1,-1.7057855352709277
3229186,1,-1.2387091556313679
2820907,1,-1.747985172747006
231841,0,-1.2263468067249172
2980052,1,-1.4344338358983
1040033,1,-0.9625232362244934
1538537,1,-1.6810101697872106
2442597,0,-2.0639676240618123
1787093,1,-0.8704556937901446
1361225,1,-0.7433205708306241
3781543,0,-1.867774854808484
2694355,0,-1.1928690546261378
3262849,0,-1.9746075389447704
1125846,1,-0.936349468913145
1532814,1,-1.4385880152018558
1333970,1,-1.911709467556557
892606,0,-1.7786504619950045
1864085,0,-1.645367354349359
1550022,0,-0.47995328333995524
702332,0,-1.6381744502822184
1527170,1,-1.466533742250293
1031748,1,-1.6345514814284259
918985,1,-1.4183813640471152
2488122,1,-1.3335721386994135
2555607,0,-0.8865560870009617
1118321,0,-0.20607752502186671
3438983,1,-2.090282140005057
562463,0,-1.8927030139367238
3388967,1,-1.5428309032276317
680119,0,-1.5479717728133635
1837019,0,-1.2170726143385644
958305,1,-1.7905172926574122
2738413,1,-1.9940738576820496
3543362,1,-1.6490783732051353
641854,0,-1.8365563527741293
2987597,1,-0.9194481153636045
233526,1,-1.6628508724814244
975848,1,-3.1981720211083635
740990,0,-1.821129996841952
2749700,0,-2.5168744900411766
1197555,1,-0.8810821937939066
1594600,1,-1.7469139452141003
3914531,0,-1.8135941679971106
291735,0,-1.2736436738071162
2019748,0,-1.8392484618297482
1979430,1,-1.8819256348374986
2253292,1,-1.7846925767102044
2522847,0,-2.1640134454633912
2115062,0,-2.590855789083582
3194178,1,-1.6153800857833382
3318343,1,-1.4894851936747902
238608,1,-2.07195148674945
3938875,1,-1.4733209660472015
609280,0,-1.1879144660979217
227765,1,-1.5855881120352406
2931278,0,-1.3194950333385305
2730140,1,-2.3088938297047306
739912,0,-1.5333036826024504
3879909,1,-1.8676796348011722
2224724,1,-1.8968044412187064
1811089,1,-0.18889084614638152
1809044,1,-1.3918062834529499
1045171,0,-1.3480959992701318
2211659,1,-1.1678757566596825
715400,0,-1.7175131893660485
357861,0,-1.6101000731331347
3505807,1,-1.4317638314508137
2844987,0,-0.8654537990679975
207917,0,-1.8586821445645685
2511226,1,-2.20308350172646
296544,1,-2.13662593897545
1311624,1,-1.3886554337815897
900288,1,-1.9760816757237842
2875173,1,-1.7799108378426383
2133786,1,-1.2378204454936894
3349118,1,-1.6421554741308078
809128,1,-1.2788097668336775
3189022,1,-1.6190259672933436
3176111,0,-0.5468358329681089
2282305,0,-1.7067467956005733
1506432,1,-1.4977676374602857
3052921,0,-0.3988227638614277
1028701,1,-1.1022287936073925
3269127,1,-1.3208465803755671
3874082,1,-1.695659174417254
3151729,1,-2.0973204793724776
1034064,1,-1.9706621594468239
3136811,0,-1.5839704166950357
1916625,1,-0.9738703269483988
655009,1,-1.3998416215586675
2635378,1,-1.4386870843321637
2155771,0,-1.136095657784665
258984,0,-2.258952025917708
1630358,0,-0.6816430623293346
655176,0,-0.7589822855954395
3692404,0,-2.1053403383248197
3268665,0,-0.6974956609461014
2973872,0,-1.31536659726388
2106109,0,-2.0689767880026046
721805,0,-2.240724893432367
3436564,0,-2.2242146536789797
2503900,0,-0.710770054209665
3156148,0,-1.626296007718388
645065,0,-1.4003141797102518
3777927,1,-2.2663806810863067
3443201,1,-2.004577452831799
453771,0,-1.4447149212940396
3320225,0,-1.576300364104828
3128705,1,-1.4774821492732322
3725853,0,-0.9349332378274988
3504542,1,-1.3737895412647305
473521,0,-1.1343928311779659
1433242,0,-2.0141665318921604
3936766,1,-1.9862148906665322
2022671,1,-1.2252677692336824
3242587,0,-0.822119496845086
3118500,1,-2.0653263204034493
2715103,0,-1.8684925278981783
707916,1,-1.4082712489880325
2225890,0,-1.1731259096642712
1291773,1,-1.0068076371191215
2157215,1,-2.16184619641764
1951377,1,-1.6115650975817974
2709186,1,-1.482863335477386
2631713,1,-1.8890902525405437
352029,1,-0.7142387929382015
3946198,0,-1.7169958945724886
1824845,1,-1.4139654804582034
818951,1,-1.6645773754615107
2693399,1,-1.4141062302340743
322204,1,-1.8952213067739407
812419,1,-2.350028594779097
2718965,1,-1.3858638970062949
3510550,1,-1.9623213751440303
842274,0,-2.1930164411929156
1752344,0,-0.6978962954777244
1826545,0,-0.9502073070859361
737590,1,-1.3187869390027014
2455233,1,-1.8680941646229041
2145621,1,-1.5683214138533013
3901915,0,-1.3131026103801509
2056117,0,-1.3966892321364797
3480807,1,-1.5798254752107275
2494311,1,-1.7372625813617033
696648,1,-1.9061311130179541
1278159,1,-1.1403411140080286
391001,1,-0.7157835925058045
2693879,1,-1.7358732477456762
3060286,1,-1.555040588187268
2527961,1,-1.894833654820789
2846497,1,-1.7497575566932848
2512074,0,-1.72963217223493
3792849,0,-1.0048235828534118
3868399,1,-2.284659108374635
3783950,0,-1.3594852494701393
3134373,1,-1.918589226747305
3848975,0,-0.9573026481280487
3430822,0,-1.5471832539972206
1482186,0,-1.4085048878670274
2603098,0,-1.4480045693297674
3719155,1,-2.2035901207002624
3750529,0,-2.6348889131881807
2692595,0,-1.3346116865010873
1479249,0,-2.107614807301582
2555564,1,-1.2797428579794334
3762190,1,-1.0197177951224963
3846554,1,-1.673705024897319
1231235,0,-1.2973599430706115
2432761,1,-1.0814888595859817
1247390,1,-1.9219135483779586
2202423,1,-1.3576770946949732
737025,1,-1.5038130736222786
3277840,1,-1.8586865780517254
3414111,0,-1.0037339755518837
3428008,1,-1.6529475895413381
434575,0,-1.3876585682066722
3277235,1,-1.9429083240181695
2587461,1,-1.5336757863421535
2768010,0,-1.4674356173827192
2188229,0,-1.1542224173610445
1029963,0,-2.123593011713926
3156780,1,-2.114412607504515
3256507,1,-2.9106273935416773
2546717,1,-1.5234718038239634
3499241,1,-1.6794300044757877
1204787,1,-1.6461032200598693
2998343,1,-1.4949912038959354
3000806,0,-1.7421409681546616
2168717,1,-1.5442771750815156
2423527,0,-1.956683837666078
1031380,1,-2.0009243576248745
1606320,1,-1.0884766949570759
2752050,0,-0.815435001275151
2402300,1,-2.3771127740373448
2126317,1,-2.1227703976914345
2206525,1,-1.4907388194548208
1444159,0,-0.6163969450335136
3701038,0,-2.1388966096466984
1774671,1,-1.2523149274892147
1624403,0,-1.4344562173505473
921292,0,-1.3722729186248293
282312,0,-2.212712113619121
2818740,1,-0.8476386798352429
1748682,0,-1.4616862963473274
3837149,1,-2.385167815391004
3119859,1,-1.1352381752428715
1521789,0,-1.2329771736852924
3854454,0,-1.9806455076267866
2891690,0,-0.4078938247107943
2780836,1,-1.3351376912620267
1149278,0,-0.9978205826154645
405176,0,-1.266384183118522
1512984,1,-1.8001274221343506
761281,0,-1.1704304136606145
1210173,0,-0.4989777461079391
3370023,0,-0.7081404025558037
3690269,0,-1.5589131744965439
1470997,1,-1.6038454061420362
2423313,1,-1.7784887902227842
1888734,1,-1.6170075648723052
230559,1,-1.3980188834930385
656359,1,-1.7521594685077124
3858825,1,-2.035292721900696
3414985,1,-1.4656813735915297
256035,0,-1.7890299526117865
1069150,0,-0.8365885985503503
2633300,1,-2.2444654559769335
3416290,1,-1.649232233507674
580497,1,-2.3019958087664154
3345569,1,-2.0846100489992225
3959786,0,-1.0038194796178295
1342859,0,-0.6137814146815304
3764841,0,-1.2131889765665271
1464876,1,-2.0457007067251824
257823,0,-2.1367220935099636
1154620,0,-1.569933749494413
3847607,1,-0.4835731843983284
2260635,0,-1.7308499395518362
2126022,0,-2.4154339219611227
3806407,0,-1.558016858487437
3112802,0,-1.8400497817437151
2691208,0,-0.776794597886638
1241476,0,-1.7013692780805603
1372591,0,-2.1453181630141263
1632002,1,-1.153386724796882
2496691,0,-1.8739489515965868
1766837,1,-1.2665053130478956
1775694,0,-2.087425097459287
426102,1,-1.8576341243157766
3241422,0,-0.4482864865048226
948400,0,-0.4684328367865468
1233943,0,-1.8148191040799695
1870292,1,-1.0447266470958925
346513,1,-1.5772234175489277
658107,1,-1.0723718415529233
2815653,1,-0.8276157458568267
3254729,0,-1.2389974857800177
2627243,1,-1.868205729639907
1674835,1,-1.892824232011731
3695185,1,-0.8009420405916347
1911259,0,-0.7370869234173021
3144527,1,-1.95761669663367
962885,1,-1.3201346309445294
1045397,0,-1.745566439381717
3446322,1,-1.6307319453282665
3831851,0,-0.6288967757120876
1210756,1,-1.5745306402777615
2612455,0,-1.5435659898728071
3520932,1,-1.2724097063300666
3932334,1,-2.3461849828446963
406451,1,-2.6375499861033687
409753,1,-2.1804676553723934
2610037,1,-0.7589879554877497
2763186,0,-1.4075028141918922
3072331,1,-1.6976451608404637
3764220,1,-1.219282532559901
1030602,0,-0.7976324546187188
3049663,1,-0.6716607080255343
1663394,0,-1.8015056375307046
1719415,0,-1.6561474865761447
2207105,1,-1.779406192261356
2474426,1,-2.4343122173244813
1297166,0,-1.4653901141736783
3491331,1,-1.4203540345396255
1146219,0,-1.4528980173502108
1147770,1,-1.0733704319896982
1752746,0,-1.284710036754398
2448308,1,-2.247912040591796
2129358,1,-1.5118672639253306
1345920,1,-2.0558272946003195
3866554,1,-2.096556471871511
2269270,1,-2.232060081833787
2014615,1,-2.108503691163022
1874938,1,-0.8520395309582213
3075217,1,-1.6717751574685638
3373461,0,-0.8741755482376659
229502,1,-2.307014656752479
2626699,1,-2.3373583078854274
3105177,1,-1.9370516631468693
3719500,1,-0.5951399475419605
739175,1,-1.4197714078324675
1726825,0,-1.8402431118042146
3291321,1,-1.18613296250267
3414384,0,-0.8760896932039165
1625785,1,-2.137212141776402
3882623,1,-1.798055698415556
664604,0,-1.9047575545027544
3298504,0,-1.63147019673924
2428721,0,-1.2700678035768667
416220,0,-1.9817460715388278
459450,1,-0.44915985759109955
2641505,1,-1.5743796901501634
751972,0,-1.5608212458432542
1814784,1,-0.9382904806461934
2701093,1,-1.4194276251187685
1435369,1,-1.2802313639461087
425122,1,-2.118593709720002
2772800,1,-1.8713556041656871
3364903,0,-1.4811932247796054
1442902,1,-1.4600140788287346
1852536,0,-0.6369395764118296
2545091,1,-1.7915807665628551
3953834,1,-1.511866555969019
1756168,1,-1.8309043267355454
1423008,0,-0.38661294352270736
2861738,1,-1.1677937129180138
1826177,1,-0.8392810608623137
2452966,0,-1.7618064150125627
807453,0,-1.9483619444003741
1684462,1,-1.7446437241112467
449549,1,-1.6535212790833815
2475731,1,-2.185759986173314
3525416,0,-1.922160479642561
2929477,0,-1.5635071884041056
2979313,0,-0.7472055901446509
2947666,0,-1.7929102370986496
1171880,0,-1.158949267060275
3110038,0,-0.953429814015657
1315378,1,-1.495737666745484
340876,1,-1.479002570474201
200420,1,-1.8867576195453588
647005,0,-1.6816864458253828
2581897,1,-2.1418114497268124
412102,1,-1.8292121725307964
843427,0,-1.8260877673038673
2935152,1,-1.5910885097165417
1474320,0,-1.2036331600148316
915580,1,-1.8935030604777734
1406525,0,-1.401925923405332
3926053,0,-1.6022849020310468
2527840,1,-1.5547892385396203
1087419,0,-0.882549794403059
3129638,0,-1.7689225005038578
1635652,1,-1.6311754472846673
3698761,1,-2.0980703100418583
1233527,1,-2.1503935263509346
1560677,1,-2.386365810280159
991205,0,-1.0889591364557019
3382459,1,-0.9654963862451758
1898656,0,-1.492316522953106
1206938,1,-1.025098947283797
1578454,1,-1.7132287147471796
3508358,0,-1.5498411078216041
255740,1,-1.3846798069662654
2405819,0,-1.5299039429800028
877852,0,-1.7628489387510702
3748079,1,-0.7012065812284636
2760476,0,-1.1381364490627903
312506,1,-1.2348676525655429
1078224,1,-1.0640994682458502
3249408,1,-1.1209273974028164
1575344,1,-1.114481920126492
2424035,0,-1.2920901114030787
2594175,0,-1.7368541509329467
3526040,1,-0.5476748436558869
2807852,1,-2.1450338892116325
371224,0,-1.7019514061666887
1579792,0,-1.6548888537026591
3530222,1,-1.6243179710539355
2638485,0,-1.4103192354364857
3883153,1,-1.3484637668896597
3725269,1,-0.7287537803890899
1741319,0,-1.673069902912936
2415418,1,-2.6152140604139924
3075140,1,-2.777184918801037
738294,1,-1.67493611502437
2986127,1,-2.0659490782005996
287522,0,-1.7607543165672785
2716329,1,-1.3745315394693878
2631112,0,-2.839879886229525
2179465,0,-2.0826181580324223
3095865,1,-1.304371171479748
3905813,1,-1.4081849059290847
2137885,0,-1.5307980049208685
2778204,0,-1.828645063401434
1489823,0,-1.712123408357825
2994671,0,-1.6539849878333317
2793338,1,-1.8853371320676913
948617,1,-0.7496123781048107
2211666,1,-0.6851276365982557
2905157,1,-1.4260696569221152
876023,0,-1.8042525443258022
3120182,1,-2.618007041375141
2412575,1,-1.7268987425917925
1886087,1,-1.1612900446563206
470087,1,-1.593369193806386
1840869,0,-0.9064463062659351
3166708,1,-1.605909787725016
1521985,1,-1.5414677062130842
2109587,0,-1.856719642020036
1264782,1,-1.486916810257131
3085862,1,-1.3617038495919278
2995629,1,-1.7783666984522175
3547994,1,-1.3286159304557805
3750375,1,-1.5219686024774985
1736082,1,-1.6649786593915312
3128573,0,-1.2544681953298227
683971,0,-1.1787554136361762
1672890,0,-1.6874758387586206
2766459,1,-1.5901724478146266
2813004,1,-2.0317620573608575
232477,0,-1.8086473372710843
3212560,0,-1.0335856239592285
1034411,0,-0.9977531652635567
717790,1,-1.1621141052981634
970337,0,-1.6050963895535704
833736,1,-1.6327468160774794
1939670,0,-1.5939859266998258
3422668,0,-1.4790581227986668
2001939,0,-2.1657254333935723
3779214,0,-2.0108064116934434
2170655,1,-1.7373085268204174
2105129,1,-1.4285698605500226
3267321,1,-1.586384459768701
3839126,0,-1.6605119308585572
3087098,1,-0.3020432261460181
1391498,0,-2.114729413640696
3102325,0,-0.4577507740582477
3317352,0,-1.2547642276466204
1295358,1,-1.7792189591718761
1667639,0,-2.35595306991356
2275656,1,-1.1884135192017866
317283,0,-0.23305134176895337
1975110,1,-1.6316841324447875
2281665,1,-1.707387397205875
1621222,1,-1.7998344523100116
1303844,1,-1.7138153305415085
3528523,1,-1.202458356761378
2114083,1,-1.3922785692186612
3351283,0,-1.7805299469601326
2012563,0,-0.6120320187417114
1198038,1,-2.743507653596703
1410681,0,-1.839649219164756
2754035,0,-1.7940012217668608
3279414,0,-0.82219866209625
1086941,1,-1.9740470826210856
2601254,0,-2.1079431094769356
727131,1,-2.174007539888915
1403445,1,-1.5507541564091099
1617542,0,-1.3321378873273373
2586299,0,-2.131646581157627
2691306,0,-1.7576153515357966
2797983,1,-0.969099450601627
2139846,0,-1.7192571144952444
3005509,0,-0.650317535187706
1405233,1,-1.4071144218401401
805970,1,-2.1788369879245244
1555713,0,-1.4177795231237051
2988536,1,-1.889331879213722
472450,1,-1.8233569308462485
1720141,0,-0.8851784829486027
1070049,0,-1.0178177444689744
3263945,0,-1.8094586427441175
1565755,1,-1.2736129085684915
2126412,1,-1.8894492968551952
3934562,0,-1.3800072878819094
428959,0,-1.6974426202114115
534970,1,-1.9870535686184576
1537005,0,-1.6364107256287312
430843,1,-1.5502109821575645
2844712,0,-0.4688347270723886
3115160,1,-1.4343171740775025
3461749,1,-1.730221847583279
2660810,1,-1.4399133004436862
3000373,0,-1.688743170762785
729134,0,-1.2983527828816512
2108083,1,-2.19785085091816
2129910,1,-1.3275770621946932
1771502,0,-0.9697247409417786
1359044,1,-2.790488370415498
1137624,1,-1.2048797714851311
3683280,1,-0.7406731976059083
926971,0,-1.3799960930757693
3739853,0,-1.1743272075511355
568478,0,-1.622373171903824
2706616,1,-2.1870955067312376
3539111,1,-1.9226684662869302
1053648,0,-0.43184924403143277
527088,1,-1.769434871041395
1142189,0,-1.0927557566968924
1630942,0,-1.5309591574441952
1751974,1,-2.1841569014171274
1942766,0,-1.9614049442634365
2171144,1,-2.1353233443676625
2678908,0,-2.1347071304738954
1218772,1,-1.68737891294411
1672468,1,-1.2470952669329038
2017370,0,-1.0443426461905925
617584,1,-1.9351869074862087
526479,1,-2.039818820790683
1351518,1,-1.7468524258964133
474492,1,-1.827628265240149
477629,1,-1.276006425026731
1397215,1,-2.055347288248231
3389116,0,-2.2819840572143657
3212175,0,-0.9972677981448659
389306,1,-1.9950445395262963
2844553,0,-1.6834140759046488
3453117,1,-1.693769821549573
2848017,1,-1.9391079547440346
3150271,1,-1.5440427897647138
428118,1,-1.3585488344790757
3726014,0,-1.1781585912718349
3315652,1,-1.5308674326526392
1937587,1,-1.724404984672647
269271,1,-2.2495774916731253
2220363,0,-1.491334465359737
672069,1,-1.2876943134598695
533691,0,-1.5235824953658694
842779,1,-2.1207253030023674
873173,0,-1.2106589444326243
2841414,0,-1.8014116192065686
2835265,0,-1.6786674684560157
2491197,0,-1.660546932692588
3272928,0,-1.7469290521428547
2560022,1,-2.1156673394245553
1247052,0,-1.2917693897046107
3877255,1,-1.429218962546333
2626008,0,-1.6734541155294114
3517141,1,-2.281502129739655
1417325,0,-0.9527476839932685
2932190,0,-1.2705211763538689
3323387,1,-2.190987419284329
2461286,1,-2.2002012459786835
2104389,0,-1.24067491096709
2158552,0,-1.2388631720409906
1485326,0,-3.0166060519011744
3077963,1,-1.0712930457098238
672168,0,-1.3197995599076864
3732791,1,-1.7403826738589552
2140281,1,-2.0927025256595058
1530195,0,-1.166527033507353
2000698,1,-0.8302013897726886
840996,0,-1.9122787540624326
967557,1,-1.7718035797296188
3027704,1,-1.710652324175252
1151513,1,-0.9352915756413887
1314736,1,-1.5995040561171683
2822176,0,-0.7441285510157181
665472,1,-1.914590026614119
3757581,1,-2.0190229292261086
2527441,0,-1.6328423100249634
2966705,1,-2.037290579572939
300828,1,-1.7322366290268825
713068,1,-1.2951616933073715
1625393,1,-1.5271562513107715
1726867,0,-1.5046931571416173
2705830,0,-0.664516534271613
402311,1,-0.9451440577421483
3418901,1,-2.392497561343282
2428899,1,-0.7386104315940498
734493,0,-1.8903250084496943
2012268,1,-1.5499072116953643
2573116,1,-1.523179097826564
685389,1,-1.1658350466063079
3346790,0,-0.7992122005237976
373099,1,-1.9033232739401007
1055874,1,-1.8408469807689267
2245510,0,-1.6974797658714256
1408641,0,-0.6816211351802584
1596288,1,-1.1189345071055663
450978,1,-2.362792831268753
912051,1,-0.7524902910909367
259632,1,-2.116970836215319
1298069,0,-0.9610462589097886
1662684,1,-1.6221564903296823
2762953,1,-1.779380535715099
732086,1,-1.57742762177137
3728677,0,-2.5156140756972647
1048661,1,-1.3613473692801463
1698264,1,-1.089389936908016
2610453,0,-0.7881587716851699
676628,1,-1.6844902238359423
3398656,0,-1.3689264224602653
3541378,0,-0.8669027552440307
1715758,1,-2.928735380827593
1570864,1,-0.9739758048396354
3245128,1,-1.371206284000892
2021333,0,-1.6005458715744794
550352,1,-2.0058300291373024
2752967,1,-2.214879840930849
3539345,1,-1.9590021914716258
1912637,1,-1.9052613717981866
3135046,0,-1.264316403125409
3354746,0,-0.7320917231467314
471639,1,-2.05870897589966
1302007,1,-1.8000409940869582
2641203,0,-2.165696341822838
536761,1,-1.2712706349810887
2739478,0,-1.6676148774760766
2195349,0,-1.272951860027553
430786,0,-1.7346339828410422
3746340,1,-1.322210059253643
1071407,0,-0.40881890112971275
1113832,1,-1.0961111726221273
2261563,1,-1.2209915896480306
1997482,0,-1.902542917535919
1433851,0,-0.9538659893287953
1317054,1,-0.6237921673640756
509729,1,-1.9521437737435126
1212916,0,-1.9559475461385873
1634040,1,-2.3838838794938444
1702315,0,-1.8240372527778987
2105872,1,-2.0486919985734415
3191611,0,-1.9897777682889364
2930486,0,-1.132712738371636
2256059,1,-2.126466233787706
3058494,1,-1.7529961745901588
1144579,0,-0.7828262926054461
220981,0,-2.61700973464403
2053011,1,-1.8317020929123942
828134,0,-1.1825863235992944
1255368,1,-1.4488347633199878
2410088,1,-1.2540337891576177
812250,0,-1.1098210174013827
3296941,0,-0.7029185260831842
1251634,0,-1.43543786551579
2898962,1,-2.522821423886369
227402,1,-1.5497702796611108
653547,1,-1.8456603445872464
2765631,0,-1.3350076707517202
3760034,0,-1.6400588828535565
3343397,1,-1.379119207711226
1793549,1,-2.07652690144882
1939747,1,-2.239994281053133
3800855,1,-1.6551052120353897
550759,0,-1.50711851441699
3290952,1,-1.2865590849859367
2731134,0,-1.644431016030317
2005645,0,-0.7449614315843143
2228581,0,-1.1340088318620558
855947,0,-0.6211926038365533
466678,1,-0.5978441226104152
657911,0,-1.8313789298590852
3374046,0,-1.6239783804713797
414432,1,-1.868477901051986
804721,0,-0.3377895606873996
1405327,0,-2.0383805464466946
330005,0,-1.8144282115949597
1500545,0,-1.5214691592354455
3230233,1,-0.9915029116824834
2169273,0,-1.3629314778433883
872593,1,-1.38912277527752
971930,0,-1.255933257328107
2968185,1,-1.5823489676984142
1910940,1,-1.359351012262518
2830102,1,-1.4288998234123294
674837,1,-2.7866451117888857
3431234,1,-1.542329515071358
3834609,1,-1.4287976531459718
2826198,0,-0.9291978019333565
3388208,1,-1.1345923580725197
3148745,0,-1.4052526831617218
816002,0,-0.48267092355859753
1667214,0,-1.5568227883368295
2566269,1,-1.4241985844001717
1761921,1,-2.301805560614518
2422955,1,-1.9063893307955395
231972,1,-1.6069373115156897
2906134,1,-2.180335500281911
1054978,1,-0.8464020264152716
647022,1,-2.1141520681830634
525372,1,-1.3281379887654476
3292537,1,-2.512907164476824
721146,1,-1.9123785753810267
235120,1,-2.1150159596996
1387396,0,-1.5027305129628354
2968267,0,-1.2208632742619845
3106740,1,-2.1637464422104915
3012582,0,-1.0799526936224355
977726,0,-1.5988867882995734
1997249,0,-0.684690207701677
308963,1,-1.491732670283609
2713987,0,-2.030244368162691
3801173,1,-1.3308587946035724
3452638,1,-1.8662303502037263
1308020,1,-1.5747743315630451
1816477,0,-0.8419490152812851
3873212,1,-1.4986241946239893
1260465,1,-1.4908519222158285
2865091,1,-1.3314147176576914
2905467,1,-1.3433074347388394
3129045,1,-1.7603319628703442
3446339,0,-1.0228417111915749
3528769,0,-1.5650575974149372
2111271,0,-1.3808464576341823
845202,1,-1.373465864804133
2934102,0,-1.9627302176112018
548189,0,-1.598551509356286
2459013,0,-1.3463754401835257
229498,1,-2.262431224627961
2938564,0,-1.7509104362749506
2893947,0,-1.884614761715045
3446541,0,-1.5745862823851533
2492429,1,-1.6136422152256322
3901013,0,-1.4406583353561369
2637756,0,-0.8037935580477552
591123,1,-2.586125499647742
2617091,0,-0.7139533411224301
2916600,0,-1.4585598058703182
3115128,1,-2.1820244717258985
655682,1,-1.4166301809375388
1337497,0,-0.2523452993796288
455069,1,-1.19893482093697
715784,1,-2.0165638005948785
1517757,0,-1.9103880014502763
1162804,1,-1.433434508400206
2559091,0,-0.46057962737703084
2591578,0,-1.2996727473297731
392892,1,-1.8717670572177247
2218617,0,-2.002511041539954
2521746,1,-2.182885129767793
2885066,1,-1.858310190426992
1786423,0,-2.070693138028843
3256219,0,-0.4352224279747934
1488669,0,-1.2369525003802009
3487071,0,-0.4934693554381412
2765939,1,-1.589614319857084
3315554,1,-1.823088521944445
578193,1,-1.5461635433316214
692474,1,-1.3824018105057705
589806,0,-1.1049458174352313
3670792,0,-2.1637421678110886
2034735,0,-1.8027890975616336
1029087,0,-1.4182271898427699
1616626,1,-1.8958343331811558
2577115,0,-1.4953325380414464
1091965,1,-0.9756854442554563
730090,1,-2.3235203624660237
1509859,1,-0.8449394173273056
2775764,0,-1.8581208870365267
3423226,1,-1.8669758096020905
3326832,0,-2.4406146540709783
1422429,1,-1.9838431371688139
2649429,1,-0.16229663342199752
3302625,1,-1.248238024855384
344238,1,-1.9150141044663556
3887483,0,-1.303513092436337
429861,1,-1.107397558683545
2800347,0,-2.439913298834617
3835262,0,-1.320208818767941
3914625,1,-2.0143025849519303
1578975,1,-0.685489881720819
3284241,1,-1.6602566182400986
1316485,0,-0.276852466988452
3515303,1,-2.2017917606167794
3426097,1,-1.518010201517655
3476354,0,-1.159259726352964
1061761,1,0.06168857670717931
549770,0,-1.5006681777022601
973679,1,-2.0058074467916875
2284102,1,-2.027921814896639
3516746,0,-1.8584910733414084
1228116,1,-0.716900596818479
2557104,0,-1.2433790463874574
1758121,0,-0.9714727492703572
3940067,0,-2.190297296645549
1228402,1,-1.3277834023981347
2758717,0,-1.3553086365356228
1445106,0,-0.6619834626096003
1345890,1,-1.9575536693755529
3547600,1,-1.986296539803676
3747767,0,-1.0847744467526677
1745021,0,-1.868432378238079
1162037,0,-1.01901029658838
3071493,1,-1.935547118779919
2397569,1,-1.8272583289575013
607096,1,-2.5731656406305716
3270750,0,-1.2759276422019754
3059469,0,-1.8930512932710613
2883727,1,-2.2310180515878786
2906575,1,-1.101660076393546
3262560,0,-1.7944260360996058
659284,1,-1.3807951488390262
1321510,1,-1.9431919311780015
3512909,1,-1.4686870217013828
2109935,1,-1.0845071870756968
728187,0,-2.3733684907540953
2051237,1,-1.6443186494157853
2056081,0,-2.4197902816881904
1878536,0,-1.1806897680880326
