sample_id,z,y
2179728,0,-85490.53344010799
1639936,0,-56768.960909966874
2682901,0,-10222.332409177014
472124,0,-6480.951691215673
1990862,0,-6028.342848744014
297460,0,-1855.396456771574
3688448,0,-9782.160004370444
553261,1,-1615.466404900189
1746229,0,-7405.359875911423
2922202,0,-5733.799275369264
747297,1,-6482.853713712485
3327350,0,-2440.677148041674
807379,0,-6151.42994502924
3347230,1,-7882.9070684187345
2257334,0,-5873.965685759839
479452,1,-12447.324895310929
193381,1,-5050.11347008571
407545,0,-4655.375940755444
1546205,0,-6885.958045352634
3889832,0,-44116.14406187472
802841,0,-38694.97305639711
503049,1,-7878.674045432203
854455,0,-4397.037444995262
440060,0,-42991.68836059532
2944731,1,-12785.884269296439
857562,0,-85386.89432242827
1495443,0,-3787.9653067725462
3960243,1,-2638.0153666837696
1838020,0,-5176.579883320856
1538753,0,-3496.2397121154895
2127327,0,-2677.3373661809774
3184914,0,-43264.03404413706
2129100,0,-85520.65222050317
2680817,1,-7197.5652964974115
1693870,1,-9003.442715614508
828539,0,-89934.3032617887
1239350,0,-8320.835212914622
2416883,0,-4975.832144218225
2722943,0,-9009.220010828092
1243689,1,-10274.897625555674
3434119,0,-3386.288519459529
487347,0,-4724.372602011476
2843339,0,-26250.964870311418
1404038,0,-15285.053691070947
3103369,0,-89082.16390007567
2610789,0,-7054.5582929198945
579069,0,-87801.29237074638
1680987,0,-58202.36944148595
1569116,1,-3461.68055672006
2989470,1,-6822.138818261385
1390122,0,-2536.2650597849633
3949827,0,-44448.637528498184
452257,0,-5521.177214735449
1539931,0,-3462.534565368984
3205520,0,-85477.63474728707
499813,0,-6470.417787380899
1456690,0,-86192.14498636076
2481949,0,-42200.978966451235
2415196,0,-89747.16885198643
2238875,0,-7372.242639397865
3084411,0,-8631.968342006832
2891248,0,-41546.786550039855
971341,1,-13770.042138120274
1811712,0,-3346.074359317637
741683,0,-5344.352007140203
1559828,0,-85560.24330398861
3318756,0,-39538.633801124495
210198,0,-20672.20250071882
3922285,0,-85992.1346393307
2274291,0,-7292.820631637171
2804193,0,-7756.50015372153
2742286,0,-9587.579076022039
2800372,0,-8721.833273412607
1588894,1,-4405.74580301282
2493632,0,-43339.615424247764
3729914,0,-7023.360944336544
3897287,1,-12016.326253658786
2226437,1,-13401.54545222098
1888734,0,-6355.631998661102
833386,1,-5616.320702271902
3695039,1,-10260.956281824205
3770699,0,-88235.14891361711
1356503,0,-4810.386347602991
927172,0,-6855.053947622532
3103247,0,-9670.311177030184
1887165,0,-5725.4733792478455
1244776,0,-39934.41171275107
1753076,1,-9152.751187230013
3878400,0,-42974.04519969461
2862053,0,-7799.6194894879045
299201,0,-3947.7663420125787
2718839,0,-87548.28457369345
2466479,1,-10292.427426718308
1493989,0,-9339.63733488263
1861786,0,-2991.3998398185595
1112057,0,-5440.630504661807
3883795,0,-86400.29887780771
872449,0,-4851.47975466238
3808901,0,-5438.280665585492
2623072,0,-86894.8816571252
694978,1,-9177.529404730467
2046028,1,-11176.992836092033
1617850,1,-5828.452417929495
2579947,1,-6936.002755008441
811697,1,-5569.808798413815
2566402,0,-5390.636411898238
2406888,0,-6102.59092537609
2126883,1,-10626.19187720772
2063459,1,-27524.33741065943
1939337,0,-41902.53877430735
3054120,1,-19692.313245951285
3053104,0,-11592.887288937322
1274571,0,-7168.948412454905
1628613,0,-85526.6532035546
2206469,0,-5639.69253191148
2040517,0,-102553.16502195378
1400001,1,-11144.563066977276
1975355,0,-5376.560936936357
1628996,0,-7126.340115298078
1676988,1,-5907.42745400504
1083459,1,-752.0804054586324
3771390,0,-37827.3039831129
370193,1,-12562.856600937072
2231675,0,-85930.77919442239
840347,1,-84579.9870761313
631738,0,-4839.368276300922
2844891,0,-8609.407860605994
3216156,0,-5458.0196974582805
3261512,1,-5044.098411453502
400309,1,-3448.7816825666714
653806,0,-5328.131383276309
724632,0,-8213.939857322184
1995999,0,-2766.919620682625
2424538,1,-11546.306228166592
2794700,0,-6997.431230695103
3297333,0,-3688.754480462494
2125675,1,-7645.311585262273
2847573,0,-6256.235203992659
496395,0,-4816.120357430058
3418582,0,-7815.345854372939
2469485,0,-4503.949232624224
3463448,0,-87823.84117824695
1489277,1,-17092.484349155522
1625406,0,-45224.85923742925
3190449,0,-85437.13957392282
2994561,0,-86568.81468544302
2165595,1,-22403.151078853145
3082799,0,-85557.58058618847
2887684,1,-5071.021578810837
1042459,1,-8721.963436260983
1535585,0,-6105.969005877352
657730,1,-23978.782091454526
2826146,0,-7138.26067238838
3319016,1,-12607.916903977548
3664541,0,-9342.561706927037
2525651,0,-5430.6748227990765
1977675,0,-5007.323336759705
1459834,0,-5236.727268450558
2275853,0,-5534.526916451894
1084857,0,-19508.707348560594
632385,0,-9250.821083735638
2502337,0,-22510.005704329364
239839,1,-1707.1497377998414
3473806,1,-6135.724818135417
1276759,0,-4394.931814269385
1126739,0,-85900.72511886709
948818,1,-6883.049251686951
3165778,0,-5638.080563977029
974529,1,-7924.882697437666
920946,0,-4107.8109897122395
2166711,1,-8145.351020350227
3166841,0,-10678.424822173258
2547168,0,-8911.555862998517
2835264,0,-9136.135724565464
3084337,0,-3772.153585264793
861554,0,-5115.783270670752
3273447,0,-7453.15846984187
2862810,0,-22384.979301417152
3741664,1,-5487.7065000407565
1841471,1,-13555.681448924593
3754095,0,-86594.37759471245
3114105,0,-2786.9243411067073
2785136,1,-2400.199540508096
701528,0,-5860.266539691885
2774023,0,-6485.019116204109
2697689,0,-6985.24434760444
1748353,0,-90935.30884255917
2762230,0,-3815.0403640892896
1108628,0,-9075.004395950771
2468733,1,-11362.69030456054
290308,0,-85722.41422489632
735674,0,-4536.724023720117
558801,0,-6721.399936330579
2507749,0,-6092.3706335098595
1222665,0,-4411.879244335774
2574939,1,-7654.08923016789
2780253,0,-15410.521329759802
603386,1,-7187.079860202195
3463925,0,-7762.79906379256
3306520,0,-5191.51206843279
2804622,0,-3732.7664133118988
291515,0,-8074.139663360616
3473673,0,-58120.65371084124
856156,1,-10960.28552943508
2809768,0,-7937.545462483001
1689954,0,-8270.55150464756
677389,0,-4271.689869168201
845954,0,-13992.403951822942
2424565,1,-13438.060225461963
1573714,0,-3229.779782014817
986351,0,-6365.131194597109
2433559,0,-8419.263171753011
1436170,1,-10758.30486931709
1261227,1,-9129.798137349106
2768010,0,-6651.508946415635
3667169,0,-13905.68555571789
3858228,1,-7229.740847214849
2819184,0,-4980.632953715818
2161517,0,-2598.173244595933
248399,0,-7465.084654126918
965244,0,-7530.665336003916
3499020,0,-4867.807665318255
2714260,0,-3518.943624404201
3287168,0,-5616.339852422694
483728,1,-5303.054750671256
1094069,1,-5088.052872213606
838570,0,-19807.186782402267
677935,1,-12029.748694111562
3707073,0,-103404.342659545
447421,0,-7026.9418694587375
1682425,0,-7856.723181729009
2754894,0,-5909.402474821667
237707,0,-6338.042589848841
2883727,0,-4237.4084103929035
1874395,0,-5732.172500647563
1520145,0,-7293.709913499848
2963476,0,-86542.09870595743
1942064,0,-9918.91683229723
1380402,0,-7581.7609191677
501560,0,-6120.056553256747
3938875,0,-7731.839869178791
1127583,0,-5694.775754500626
3445087,0,-41801.1225808493
3117574,1,-9994.870948767088
1462263,0,-9194.57148002479
2776161,0,-4898.360836836112
287976,0,-8315.330497953264
487160,0,-5920.88872000697
1870804,0,-6772.056133129237
916632,0,-2211.430580527584
3027555,0,-12743.847102660862
1616751,0,-87987.68777139127
657159,0,-2563.610250550808
3532947,0,-6509.581502964323
3064702,0,-43248.65127129741
3938625,0,-8279.60857243974
3785621,1,-3659.7032708877423
353883,0,-4406.557007430175
3431778,0,-7345.484793759894
322157,1,-9992.634492951485
2532262,0,-3822.3595987586
1560820,1,-3798.8043731734774
2472332,1,-16796.53724009726
3300086,0,-3714.378954335966
1361382,0,-8532.603438157135
2770184,0,-3043.251545632858
3390691,1,-6378.629765218266
639227,0,-5703.301786591506
973661,1,-5550.587031169863
2619061,1,-3896.0568563295105
1024972,1,-11101.221131101654
2491977,0,-5201.104829141199
3389420,0,-87037.0444850569
1125129,1,-6338.614467136387
595510,0,-5723.602250628049
1031837,0,-87694.42123994073
3170154,0,-86982.40337627169
1691507,0,-6955.646378001609
631838,0,-6724.78869090055
2588449,1,-2775.2624820443275
2829606,0,-8704.443957757072
977934,1,-10239.772192477065
2395625,0,-4171.528911211006
1829431,0,-86092.63538474472
1414900,0,-46858.8905361001
3482355,0,-87206.18092381052
277405,0,-4635.715729726985
1963084,0,-86967.58185940984
1116607,0,-3070.3913059023853
2429379,0,-88969.72084261167
1582263,0,-85595.29672772092
2756751,0,-2653.368121082349
3001486,0,-2845.3805544929114
1276832,0,-7453.18354510872
1864243,0,-6421.05168785854
2125795,0,-7497.2422121162335
3653811,0,-11893.555566823701
3022338,0,-8684.70450348959
3918303,0,-2470.743302510303
1427610,1,-6981.72690500792
1720479,0,-6525.464249143096
258237,0,-4545.132351764128
591176,1,-4494.814710985387
1103219,0,-22964.15812458792
3012971,0,-9793.312721970757
301505,0,-5132.858249547789
1826545,0,-40364.17474847759
3102927,1,-3689.7688211860464
3122298,0,-85941.00288104809
2683297,0,-7682.284156018181
236798,1,-8195.60374819621
3809159,0,-85373.69287709674
2233794,1,-12398.793906008068
2942228,0,-7627.386346070289
3073876,0,-56817.5003924685
2808407,1,-9363.824224833006
248391,1,-10252.917920982147
3442182,0,-2766.4746235011507
1944431,0,-7083.668101978286
2797598,1,-4750.173460422244
700057,0,-6950.7158810524825
746909,0,-6157.738144982782
3780512,0,-42163.48875766048
1411002,1,-6151.686931683453
3081535,0,-89790.73437537234
1969674,1,-7464.644968499773
515370,0,-3267.983945191352
1582397,0,-5201.704550566201
648161,0,-102341.4944300796
3702426,0,-44535.91967087582
2197368,0,-15535.383947262033
2038425,0,-8660.32447740567
1533301,1,-7711.5154798392905
2400553,0,-13484.806863429898
2462580,0,-2888.5963594568666
2015926,0,-7681.168555568204
416154,0,-8162.262093465208
2560761,1,-3889.908342296059
2484223,0,-5795.123045126794
3837885,0,-13927.37767202737
263713,0,-5019.424980830297
2173371,0,-86479.46907218691
1328719,0,-1484.2569958324402
1876126,0,-7337.15635660307
2756055,0,-3334.5794848563764
3331680,1,-11428.36612764042
2146122,1,-10164.310559082263
717962,0,-85529.47597479717
1611359,1,-8504.745751508155
1993820,0,-41621.29855749708
3547810,1,-6754.858835211115
3532456,0,-9190.630771353648
568354,0,-20610.56421378887
3285098,0,-40950.34474664934
1965711,0,-7031.215882481924
747508,0,-5988.515693781007
3841613,0,-39687.18736044093
1506510,0,-6589.0026724973595
594907,1,-5179.89892491341
1596041,0,-94425.22843193452
1664075,0,-5416.249613939604
756444,0,-7648.42453618673
3418673,0,-88324.70010058161
1224596,0,-6131.4745024777585
1665147,0,-8842.40727033623
1007129,1,-9072.9778511337
3046854,1,-4324.783422674369
2032868,1,-4935.125126374817
2272027,0,-9484.119828045303
2921642,0,-86414.35607034658
3889830,0,-10005.237298202468
3058482,1,-5774.9731844415
1028413,0,-86957.32914462904
2761152,0,-4133.99605811564
3216561,0,-8589.109734086935
227937,0,-4666.575136399643
2398151,0,-5004.495079791208
3023281,0,-7401.142427058191
2037527,0,-3916.0243879927407
503347,0,-49645.509123809235
1251106,0,-7814.93238656733
2614635,0,-5985.957279789315
2564221,0,-9986.126236036303
2979254,1,-6552.637074013436
2635352,0,-86515.64214892071
1510123,0,-6648.721623950801
444935,1,-14431.126174997995
842452,0,-7741.876358274643
397362,1,-9675.342725516584
2127754,0,-9848.725690754125
2704726,0,-85885.05120588439
3415910,0,-87921.36732119956
708362,0,-7238.95860337762
2226677,0,-6212.414452526902
969788,0,-3683.525874702764
3423864,0,-40369.55752539256
570733,0,-3467.2001425914987
3381211,0,-86778.98639724721
3699202,0,-5521.562682287583
2754131,0,-2234.867081947828
717878,0,-4518.393951707289
2411438,1,-4330.089124431326
1672830,0,-8203.724378867762
1269351,0,-11575.427528247166
3952874,0,-7856.985473193991
1915856,0,-2632.3026407733
1618569,0,-4182.138208313032
432975,1,-7017.831129128932
2186072,0,-20655.363405174852
2477001,0,-3984.1708054995092
3951791,0,-3037.8033926435746
3182567,0,-102406.81253315389
2719356,0,-14116.786625867877
3760873,0,-9786.321123644957
2197595,0,-41000.21503174264
3176817,0,-6060.684408013881
1681824,0,-8056.100745365454
895104,0,-89861.33397471163
3471603,0,-8159.031876348881
1374145,1,-10416.46822721831
1036771,1,-7849.921431545069
3281951,0,-87874.82269066181
1552148,0,-3974.409580236725
3059823,0,-3367.6892939144545
3679995,0,-5024.859436045806
271294,1,-9258.49851089239
2483081,1,-3961.4413713786657
3299263,0,-37279.56598324124
2869231,0,-7087.9386938582065
2168091,1,-5874.762532114719
1255449,0,-7174.436293376702
1664781,1,-10915.446082747752
3370167,1,-12579.051102800098
3784488,0,-5489.9802705237935
2217315,0,-2968.581485931492
1885927,0,-41825.570624067754
2883946,0,-86106.9371291382
242194,0,-2704.334154579981
1633587,0,-87376.21875587372
3699145,1,-23556.83483594065
1338989,1,-6045.626371397292
3454392,0,-3997.4552070195828
2755010,0,-8544.1491854114
2206967,1,-2170.351326915972
260634,0,-1217.1750678931733
1087054,0,-40073.42025566443
953062,0,-6548.955312133552
2768242,1,-5581.559365589138
2646355,0,-22567.845781582393
1508724,0,-4641.503480151843
1338354,0,-3309.215985081704
2912515,1,-50032.84457589423
736063,0,-9517.286238668747
2121871,0,-38698.901109924474
3892508,0,-7239.044990401375
289030,0,-21090.21744657211
2203181,0,-5335.686660166039
1673232,1,-10001.180851276053
3509144,1,-16327.097420754713
2996962,1,-1786.2403817439251
747699,0,-2727.4706507545925
1227691,0,-6844.003002514308
1677625,0,-4183.028233402878
2187102,0,-20633.557693287003
3448937,0,-88983.40285888445
2615361,0,-8056.326350275328
2399437,0,-89578.2968368814
2473477,0,-7713.79223449098
1299210,0,-3210.908401735317
1695256,0,-85591.94005255232
2704968,0,-7451.187712794316
1944419,0,-3932.6349535736645
1700431,0,-8296.383577595803
846039,0,-9106.075003649998
3307234,0,-7051.758049195651
428118,1,-6103.706087668371
2824098,0,-21231.664360512154
1202834,0,-6846.392272753102
3766125,0,-85377.63478580659
3068150,0,-86063.23894865206
1201132,0,-4444.204160684576
1228166,0,-4226.985131572797
2807705,0,-87809.84435299029
1746413,1,-16601.224819804786
1582604,0,-3394.4554529122684
2225754,0,-87355.89481837631
204477,0,-5265.646377891914
2559658,0,-4649.636494516645
2768420,0,-23438.96197937275
2632326,0,-6122.028974317479
2462275,1,-39688.73922514481
2615691,1,-9048.457090918546
2462799,1,-13760.702632130202
2719851,0,-8631.283903099344
3156130,0,-7828.574854958928
2915109,0,-8001.580662758248
923843,0,-1338.2442663299842
1791147,0,-9829.202375929444
3001635,0,-86679.60761694516
2603947,0,-90413.23707718508
1396612,1,-3540.580258375031
2135908,0,-5891.43295589929
1373577,0,-3706.7811586817456
637620,0,-86285.79540814644
2744942,0,-3529.8972665074534
2823948,1,-8225.923389528652
993283,0,-6515.2950225373315
3004275,0,-5871.297308086941
634251,0,-6442.18605527013
1285740,0,-85464.67031297085
752870,0,-6787.5018239701185
2257562,0,-7222.805095928056
962719,0,-3740.970253740904
1471963,0,-85989.54174748115
1486186,0,-4127.187031779792
2026817,1,-7982.526507440746
3335030,0,-6927.568504747435
2167828,1,-11319.472724778281
267983,1,-4327.488895330389
2047833,0,-10912.15825054039
484140,0,-5121.617513295031
3032228,0,-4300.774120842714
3854142,1,-5880.727186710648
295707,0,-6034.749214138787
3161279,0,-3858.4011296020026
3896808,1,-7390.0923963755495
1579720,0,-94986.42155344869
831698,1,-102036.1216821326
799784,0,-93601.78759575794
2900006,0,-37429.26083537024
636222,0,-7994.036144420397
894845,0,-87542.49343365683
1104309,0,-38881.26432529171
1193526,0,-4564.596910040825
1266547,0,-38963.38653927551
3135602,0,-4703.521551837555
2689741,0,-24033.63348762512
3076026,0,-24338.96165585682
1202228,0,-5623.111610112991
1046248,1,-7645.019333949634
1710486,0,-31318.777417619778
1872353,0,-5911.163924779119
2427300,0,-86198.1086677635
3353775,1,-18301.234374573683
879165,0,-11374.152303686631
2166776,0,-5315.565466977086
1239163,0,-10359.611025277725
3523146,0,-7035.139760255394
2913070,0,-6052.235165112648
1840167,0,-43900.76668620239
1406424,0,-4512.781557409005
2195595,0,-95070.38605944728
2415367,1,-5313.595727747517
2762905,0,-7208.372304048591
1963049,0,-10263.023143066923
3121999,1,-4099.524545027571
906535,1,-8908.158562695553
2990178,0,-5193.975689522466
2408323,0,-3204.594428879808
992072,0,-5959.337726717366
2754718,0,-6708.154231484728
282560,0,-8881.58797519185
1547087,0,-5209.947949511474
501518,0,-86335.16269531484
658245,0,-3817.1349656591333
2395001,0,-3246.7798351271463
1681871,1,-7421.075980571598
436574,1,-5832.188811420361
444585,0,-3747.7996713831753
3832404,0,-7058.864753763794
935260,0,-4558.379758289749
1087248,0,-3102.6858086500665
1326789,0,-11151.282615075266
731366,1,-7473.834595735551
1397812,0,-9561.957685384694
3005652,1,-3984.131468850988
1091654,0,-38778.03182159545
3096534,0,-5444.053196376981
1155199,1,-8367.872135123476
1877247,1,-11734.428770351285
3523217,0,-4221.284867447193
1514800,1,-19055.160031820942
3721141,1,-7434.937994687641
1255880,0,-3900.3212721464242
1607488,0,-2608.3155810480234
2060704,0,-87745.53867191725
3671922,1,-6787.615848423284
1639698,0,-12620.298519053022
707090,0,-5670.493246743483
1914769,0,-12574.523969079099
2117267,1,-6616.8275696022365
853189,0,-9885.007877305232
1683183,1,-6366.494844977503
3782862,0,-38628.43762209138
2851756,0,-14890.938609273004
1660083,0,-7910.660044756154
2396325,0,-19530.647449959637
1644397,0,-9094.738287700337
3138529,0,-7558.554400054032
3136315,0,-4956.368867210853
239484,0,-88928.97567474585
2663287,0,-5580.276218240993
626326,0,-5151.356241247669
1691469,1,-8884.898788009532
1959293,0,-41948.41498367627
1882198,1,-9602.769500515607
1755829,0,-8803.70210082022
3299232,0,-10270.680304174713
419917,0,-4454.909666537591
3502112,0,-43141.89270878798
574975,0,-4326.708895248638
365207,1,-2974.182424889255
1994628,0,-6636.441073612813
2640634,1,-8281.313270006023
3686845,1,-21222.91401911357
2731174,1,-5345.869159730134
3304289,1,-6185.8121184473
946042,0,-8354.67415440139
802988,0,-7235.624693186322
3271056,0,-4935.123289911514
1333037,0,-4790.636080630096
3060829,0,-5671.504901978431
240474,0,-2723.4565212742104
482742,0,-7433.998767623413
2978942,0,-86652.79327871565
2542482,0,-8583.722992647066
1311253,0,-6290.332806821993
3224634,1,-7333.034444291339
2702152,0,-89551.43372117795
3873647,0,-86955.98166152471
3751946,0,-6626.404793296221
1699475,0,-9081.066151988642
737528,0,-9466.709543313567
362552,0,-4490.516610884633
831615,0,-4213.390029674368
1413559,0,-4600.16385919035
3433118,1,-10320.547911268308
1443116,1,-11546.620559998477
520638,0,-2263.902739455984
3224981,1,-10186.440596673523
2465663,0,-6120.92972877065
2146260,0,-5557.0222123999565
3308363,0,-41025.979547183386
2182788,0,-44144.623657576856
334962,0,-8128.482190341683
1293298,0,-8201.04918139592
2972403,1,-11650.982377868839
2568685,1,-10284.138364129089
3089716,0,-5738.908419557214
3655175,0,-5632.187134624222
1943103,0,-7137.642046547033
2730064,0,-45730.50244102821
838197,0,-7494.371051254616
2106306,0,-88661.43127688054
2740469,0,-4264.738640448259
1008007,0,-39783.714332281364
1528397,0,-3868.231549773152
3731061,0,-56621.47027229663
2969825,0,-7428.208380975283
1108372,1,-5320.21998895995
1231338,0,-6577.623930444612
601702,0,-4521.076938497629
1726136,0,-12629.274715121737
2221308,0,-96453.41931641586
1883063,1,-9797.828173490416
2414571,0,-8394.32903778553
955897,0,-24774.74725217543
1700906,0,-6420.6280359257025
1644437,0,-3427.3317045756453
283583,0,-42658.61610079721
2751262,0,-23642.705917416344
2489993,0,-6396.958123419389
326023,0,-13558.142710507209
1444714,0,-4891.508548648395
210304,0,-5719.258892737911
1968276,0,-9963.309300654688
3841373,0,-6293.763078149176
3288494,0,-8358.414735286988
1415650,0,-86763.79699304813
3520277,0,-3075.9950101811933
1163541,0,-39944.41683554124
3429399,0,-99996.14801249313
2143053,0,-3144.0148939081523
3075371,0,-4339.5551554456415
3460436,0,-2861.8035460479355
1165721,1,-8464.210078493285
2203842,0,-8264.808658647973
2734495,0,-6601.578604546835
3370805,0,-49708.62458774434
586472,0,-4940.612317183426
3163001,0,-86105.99133942359
1582767,0,-41166.50005936397
369935,0,-8054.402880429573
206453,1,-44025.157974006346
2896939,1,-7394.463683342913
1036130,0,-44307.25873568092
515943,0,-8489.720389960083
3342080,0,-6871.324623583093
2060723,0,-5222.792459180814
2398889,1,-5187.755073242676
432465,0,-2784.6707928173296
2236893,0,-3090.0600297147594
2181311,0,-7833.252744860949
3799590,0,-86089.67575945122
2450360,1,-9346.092327116536
2579110,0,-3770.462769596992
2238544,0,-86517.16381616011
3922793,0,-8535.16164028512
3389417,0,-86106.61992881964
732868,0,-3749.0262960136743
3227346,0,-86614.60742587554
1082363,1,-3926.9554933423774
1945814,0,-85769.59168836752
2727443,0,-3758.3198884035346
1953565,0,-39360.46698783173
1165237,0,-4086.1827040651874
1142786,0,-5372.660550741112
917903,1,-11871.007843787273
278332,1,-5841.683735363879
1963983,0,-4966.33982989882
1852839,0,-2187.901724579039
304826,0,-8878.349190082434
3893268,0,-4384.916868655099
2172110,0,-7717.240884986916
1596838,0,-5102.424690317204
3666511,1,-84438.36364358604
1572136,0,-85601.15011305602
2808511,0,-4174.721154877111
2718759,0,-12453.634988207736
2825924,0,-5063.852403649534
3022522,0,-8744.443894336744
355878,0,-5089.106681836662
1602859,0,-6630.4029446213
3884225,0,-7542.321105616797
1595429,1,-16242.885958665267
482417,0,-6375.086529983534
3833312,1,-5999.3939942978795
251168,0,-8085.049758972064
610887,0,-4416.157461813322
1469112,0,-5851.0208999709
1370010,1,-4764.122897683962
3923295,0,-5436.588711589382
2925553,0,-87363.90977185438
3324959,0,-44417.74641694955
1993721,0,-7017.928578627955
1624151,0,-3167.357569635835
2548930,0,-38938.91066339072
2879421,0,-5396.825985604071
1141456,0,-8026.958530699584
204138,1,-4577.283744251742
3159627,0,-42147.63297701676
268451,0,-10082.274494328432
2029007,0,-11160.329191896326
3106566,1,-6853.98722703491
584701,0,-10119.427220557865
2865556,1,-6734.4660389152905
1947979,0,-7298.707090902952
2542006,1,-11979.69800564108
639239,1,-5814.233616121089
3359214,1,-10126.454750190233
2888342,1,-51845.58449252328
3420847,0,-85398.99154635491
1428401,1,-6673.006123646231
1030053,1,-20826.57911452727
2190165,0,-4325.692869572422
2806893,1,-4445.956284344969
1860263,0,-7056.563689269535
3463155,0,-3943.7465675123467
2459255,0,-9377.481831552059
3034728,0,-85748.5581042974
1297687,0,-3369.709581429604
678239,0,-7086.566052679968
3695670,0,-6540.771758847081
2533942,0,-11032.558144744247
3169417,0,-43088.9537951371
214500,0,-7765.70246067456
852401,0,-41712.87705392648
2013155,0,-92288.58970249296
2462724,1,-11785.36536598885
1278016,1,-8017.030100901046
3849008,1,-87318.48218968145
937553,0,-5907.25187881308
354913,0,-9929.664938215095
1361393,0,-9326.52896964547
1613741,0,-4537.079262045486
3694538,0,-87803.8264016848
1400756,0,-6237.184278515734
758761,0,-2702.16748023096
816480,0,-7881.431230602996
2414512,0,-3073.196680304242
554639,0,-42773.827236369885
890149,0,-7019.753792000344
1814011,0,-4899.725891607405
2064022,0,-5431.016867618465
2127029,0,-86093.51135325608
757472,0,-4927.14562779109
2698643,0,-8326.56015950312
1461325,0,-7602.742944303329
2900271,0,-6069.680269127151
2866916,0,-7710.745960051499
2502676,1,-5393.017948228729
2531823,0,-86109.13936639842
1765386,1,-4011.9150121072926
1622445,1,-7611.486513861967
3891619,0,-4441.802898735316
894140,1,-6997.200843688034
3444532,0,-38678.7318949629
3198619,0,-4033.986083065715
2907368,0,-8289.250785184417
2631235,0,-7167.302108180513
2215269,0,-87220.66893514467
742073,0,-1932.0406505914682
3162592,1,-7486.6004201620035
1646005,0,-6465.337334486825
2116588,1,-9024.256434244704
229015,0,-42328.643287022154
1987954,1,-3937.896331736049
2782089,0,-3755.6208590821366
1551551,0,-6599.323399532665
677707,0,-7227.517173962507
2661157,0,-88797.79886829885
2002598,1,-9995.965855764885
2759085,0,-7673.882434235432
581544,0,-4278.584902416567
1382564,0,-91488.2518521324
2813776,1,-3823.3128765131246
3348171,0,-5051.777016137017
910661,1,-11237.820233327793
3696801,1,-14798.482304386642
272685,0,-6652.362663707313
2616993,1,-4872.393128253063
308822,0,-6427.968264051076
3167883,0,-7310.511617537882
1143811,0,-91667.60799772518
3248289,0,-11990.089338497812
1103850,1,-50281.57674103489
3414492,0,-4139.152399027914
1779009,1,-55190.909065426706
2664042,0,-4058.098601605922
3143227,0,-94148.60404112913
1261959,0,-5054.363010676367
2222303,0,-6017.898292862126
672247,1,-7591.183608263443
1406580,0,-3019.3143511451417
956062,0,-38852.86967967744
2899931,0,-15373.413024149328
2154528,0,-57091.51264445273
3219401,0,-7277.321471364856
403817,0,-7710.079918634035
3711056,0,-6632.244105753291
1832799,1,-10053.691725404697
3716059,0,-6618.5399146210675
3837149,1,-6421.166893428541
3935169,0,-90614.21068231645
1431114,0,-87275.63039917793
1345360,0,-2913.364400685306
864885,0,-3320.720960952247
3035413,0,-6151.914995460189
265898,0,-3550.409438525929
1632042,0,-86856.53347627934
322924,1,-4266.6985818526355
2983209,0,-39133.09170695872
575105,0,-3008.7159934922165
1746232,0,-37935.68042734682
2496058,0,-5551.465602407724
1204035,0,-7119.006377739052
1831214,1,-12964.674029607895
1022623,0,-8656.598658521
3361191,0,-4598.674748038504
3879197,0,-90144.21659985441
531924,0,-6128.1014026889225
1753861,1,-6215.159428400169
1535268,1,-6277.866377276992
1965409,1,-8281.225968413184
2748603,0,-8194.264609945785
1017350,0,-5913.576353714465
3295206,1,-8798.198187132113
408201,1,-8881.8217678952
3399924,0,-7806.563407162937
3388550,0,-85977.94138055685
3207215,1,-5783.04831207903
2892030,0,-4644.277025346519
2654131,0,-9380.364700769793
807950,0,-43656.00937499953
1588934,1,-4590.350529188524
2632976,1,-9177.797373647723
693366,1,-11685.14554248162
2128755,0,-5000.830543542732
2505919,0,-90770.42061153759
3530374,0,-86602.85476215012
3834674,0,-87096.88547879904
2015552,0,-89363.07755267192
3954573,0,-5878.476526496855
3321179,0,-5469.78574698766
267813,1,-40219.50497996089
502301,0,-3632.014141855943
1469547,0,-6647.880472512614
1966638,0,-5908.975540295867
1998324,1,-84064.76576242581
466671,0,-5302.874643257676
735245,0,-5120.39071901617
1834965,0,-9256.951120503454
2835258,0,-9711.259149498135
518592,0,-6035.234843185133
1425338,1,-7696.856315672622
2210674,0,-6956.963094973695
434561,0,-85602.34689530497
2604526,0,-5856.047558533088
3040197,0,-88124.73243360982
2705133,0,-7146.2923592692105
919552,0,-5954.570948815067
1824974,0,-5554.334872545203
422913,0,-3641.817046545553
2802748,0,-102579.71851097386
3353537,0,-3141.149274709163
466548,0,-7759.932188218846
569495,1,-9388.010113754908
971612,0,-6509.885620056453
1669998,0,-6755.15610660184
933253,0,-12091.104468130226
3443441,0,-5858.703888904125
712643,0,-4077.570993683254
2531866,0,-86668.12394816238
3798710,1,-4242.535958535131
3277674,1,-6718.954692551152
3671983,0,-3933.455706339362
397551,1,-6763.0430889145155
2203189,0,-88383.56028286161
1837361,0,-7652.624170824592
1906005,1,-4765.907319905677
2218384,0,-5248.385828233386
471717,1,-12128.713850052622
2492975,0,-5950.317838305534
913032,0,-8901.844045556183
1863206,1,-8441.421682975993
316194,0,-5276.494254930395
740162,0,-39020.89494261905
2710400,0,-89812.42458085791
3883382,0,-6037.298787760546
1316485,0,-85534.27142769015
1982904,1,-22219.52597194025
1285048,1,-11679.527795505051
3282558,0,-40578.64971986114
3188100,0,-8619.12323584902
2752967,0,-5515.335875144107
2010005,1,-6060.417547147429
2638615,0,-87684.42885351015
3498314,0,-85487.37580514906
2919289,0,-85665.5747646686
3134481,0,-41237.95633776307
2188131,0,-43643.95192380584
1789729,0,-6199.102043180466
1291705,0,-5484.239550920583
1577542,0,-92249.14419575543
1375265,0,-7364.287105399454
2919078,1,-5530.535257802412
3439724,0,-8848.040910348236
2643499,0,-10566.98062673417
627397,1,-2896.8784346600023
3012606,0,-88782.97171845922
1833419,1,-8536.687799700085
3354294,0,-7358.560352310328
672428,0,-4357.24741628418
3768751,0,-85544.24174153332
430911,0,-88657.78462987166
2796536,0,-89944.77897087176
742708,0,-5108.397201490016
3058413,1,-4472.580040037065
1354647,0,-8369.273093689544
410058,0,-10874.163682069116
3844947,1,-5507.179248704363
1712068,1,-19924.943985299098
2170792,0,-7009.03686334814
1896275,0,-6307.4348358652605
1621989,1,-7924.452621837721
2725491,1,-4595.512746608894
2268378,0,-5212.049733001852
1371140,0,-87355.32748444738
2032192,0,-89916.52523319688
1621328,0,-12785.581008624968
1688929,0,-2850.5903054390897
226613,1,-4789.657252490277
3380147,0,-9327.094729595312
2664779,0,-6322.875638672469
1449003,0,-6331.170322126186
587249,0,-7959.589222746376
3002896,1,-7248.805496643969
2850597,1,-66712.20056100412
630190,0,-6979.262727231652
2678584,0,-9482.822335995354
426695,1,-84448.50367606434
3887894,0,-7198.18362076521
901403,0,-85607.26098806706
1875151,0,-85555.34678330015
2179193,1,-4431.384018548189
3516268,0,-17687.198750261818
2027661,0,-6774.9312637266485
3377343,0,-4341.105982397331
2507102,0,-7818.275762449844
3135349,0,-86455.35963112704
872701,0,-8545.310963662247
2110142,0,-7865.864913835475
3913887,0,-6027.502659688904
589930,1,-9605.896947546205
2017382,1,-3229.1577523903206
3790341,0,-5933.602822166462
1520883,0,-91368.13778931052
1772004,1,-41554.249140378284
3401189,0,-7568.6075929334365
2921557,0,-5945.730569113426
1205525,1,-11023.388257814357
897565,0,-86213.32254211338
933566,1,-7007.707282580801
1213212,0,-8308.498133301817
2032557,1,-13749.752338379221
2671961,0,-86828.38193548835
2226834,1,-26091.558113613486
2988811,1,-7223.099369699297
2587991,0,-5649.675937561117
1808014,0,-41648.34075361369
2504259,1,-4538.038237718017
1215739,0,-7358.766305265402
2177047,0,-85820.74518001993
3535707,0,-9367.973324569626
2116400,0,-1717.314733011544
1269837,0,-85685.94682276285
2250048,0,-2659.360835976019
2699060,0,-88702.96743786462
1748824,0,-4943.1709661921395
2262526,0,-6806.182671658306
1053780,0,-5597.989529997057
3495858,0,-5035.3427359420475
282661,1,-11201.788275682744
341861,1,-11273.79107320866
2497750,1,-6702.095284669785
719030,0,-5510.328235744183
3024741,0,-4757.101116116617
2178564,0,-85601.45143678845
2778596,0,-4484.830188657872
1432789,1,-6621.285414275162
2113702,0,-7428.256240067726
2251166,1,-8125.300900690065
3906426,0,-41264.959956910214
3946471,0,-8235.054697359426
2732847,0,-89532.76437876245
3747679,1,-8816.104898247946
1549580,0,-54929.27285743955
1586401,0,-10340.462636046552
560261,0,-86378.87684578358
1901442,0,-102393.62549571249
1643357,1,-2685.952572921437
2477848,0,-9042.963773576128
2121191,0,-9825.660937251836
3501641,0,-5596.097418724004
2545217,0,-85920.14795009613
2855806,0,-6088.764442852881
3538579,0,-43706.58648684779
756922,0,-9811.393924117674
204148,0,-7377.3384166915275
1769491,1,-3739.4320137665786
3257184,0,-86568.67366354639
1551010,1,-8292.296022972769
717036,0,-9009.255873995167
3063127,1,-9015.38591089629
1534932,0,-11215.848983519345
2885778,0,-20999.923178165925
1124619,0,-53889.97982279893
2142077,0,-7468.624695668706
479581,0,-6151.62546906392
2898177,0,-92856.38975123533
233627,0,-4930.784013719891
1618615,0,-6373.173624927948
3181493,0,-86836.51058091068
605933,1,-3639.4621974372894
2804275,0,-6923.332551891923
740315,0,-4352.950834215069
397490,0,-6347.866347049899
412378,1,-6330.144221310312
1857597,1,-10516.531037675819
977764,0,-2603.1729123299624
987898,0,-7132.330906693877
3143027,0,-39870.85920091962
1316395,0,-6989.298078711489
3024276,0,-8174.6130885516695
2525193,1,-3467.3078556614987
1253643,0,-9143.716303083309
3206752,0,-8424.18372519888
1120446,0,-11074.812634187407
1010453,0,-7863.750086757985
702687,0,-5453.254034679768
2934288,0,-7113.144966521274
1364927,0,-5468.96205733887
3890516,0,-4631.872311434931
3880578,0,-5439.846055693884
3066480,0,-8062.288877872346
1048603,0,-6421.690222278141
3851657,0,-7820.500401804886
3767872,1,-12720.521805751538
3880026,0,-5723.584700931679
3761830,0,-11668.502728104462
565966,0,-9674.73670270639
731153,0,-5651.681465862388
210798,0,-6172.621312642177
2040900,0,-16817.457339649598
1583689,0,-86871.01731890917
2162508,0,-4094.110808569591
484146,1,-6655.370302659582
2899194,0,-85382.07847015499
3015065,1,-3871.6034073271594
2527383,1,-18105.20013695649
603748,0,-85881.0656736455
3280229,1,-8323.124607988846
2108318,0,-7062.789797195678
1761095,0,-3980.099314822554
2920149,0,-8918.142164497614
635022,1,-10400.872023271093
2282855,1,-6499.202693312907
1039777,1,-19745.91753668739
638707,0,-23200.221021416837
2669443,0,-86443.81331781541
3845628,0,-5184.758550184926
2497615,0,-2114.167284398326
1320851,0,-8508.218188995392
2209994,1,-7997.286220487128
1998432,0,-5473.5565274539595
2622917,0,-20769.94522792044
521303,0,-2477.7244730374073
3658822,1,-12547.774188658035
2714568,0,-3465.3279678381095
3919165,0,-8051.203032613565
1680894,0,-41233.37016281535
3742000,0,-3822.2950622923463
1825920,1,-7075.86311860328
3437634,0,-5884.250093478492
3231664,0,-6779.532483891575
3477022,0,-92041.43078433938
3654888,1,-10411.12617775921
2429722,1,-6062.958472676619
654829,0,-3098.5167393598026
2593496,0,-87423.92987833115
2231857,0,-87299.98890846732
1097546,0,-21103.71185368638
1721005,1,-9785.883609652117
2211513,0,-6621.052746828132
2926150,1,-26482.256608618514
3358127,0,-3943.900393106044
1452203,0,-5908.551378569259
3240802,1,-9529.253866349958
3654112,0,-9096.35924153046
1107697,0,-3954.1146095187846
1622469,1,-9928.767498691286
1051936,0,-86707.94767678103
2750342,0,-3750.2877222359566
1689859,0,-4412.60034897438
2114960,0,-7064.288036788419
3005371,0,-16207.11764069352
725311,0,-22025.337669095003
612719,0,-41059.86929746492
1450408,1,-3261.3983242982385
522893,0,-88804.12474129557
3188713,1,-7983.915523366307
1790375,1,-4417.108549726437
2912163,0,-9323.991790101956
3950245,0,-8418.64160660772
747826,0,-8747.216054194694
2852506,0,-5729.383612551595
1202380,0,-86554.21673638147
2546517,0,-3945.475345534023
1733345,0,-87530.07285021187
3024094,0,-4741.726123534928
3328037,0,-40399.72959633789
2440017,0,-85764.55369966797
1518502,0,-6632.530801876168
1669676,0,-21485.681010774464
249799,1,-3735.33037727665
2805730,0,-9007.008149612384
237046,1,-5443.290399242413
215214,0,-14473.216018158457
2619572,0,-3758.260022922594
3158083,0,-2190.2404560263144
3454334,1,-7678.316241602486
559976,0,-4445.201032802166
3680636,1,-4144.471677690823
2685102,1,-2761.8446191363632
2420800,1,-7267.018587028971
2526827,1,-6356.803566482531
3771542,1,-5885.768485897167
1408998,0,-3355.894331044842
1475079,0,-4833.979541651598
760518,0,-4295.48528559733
293757,0,-86813.6270866801
3227808,0,-12399.449289890572
2834096,1,-62165.639015625
580971,0,-8652.936668651919
2170459,0,-8825.540970492331
2630202,0,-101499.6853534864
2679033,0,-8690.529752632117
1299137,0,-5622.169142677129
3339415,0,-6599.994398631905
3519982,0,-5365.735455276472
1609943,0,-7771.357728380125
3882174,1,-4112.224738491246
3663043,0,-9426.128501581743
476886,0,-2299.4291172117946
3205847,0,-5697.6500646943705
3653551,0,-5707.16880998476
1852453,0,-40483.741781559176
1308671,0,-86003.21085567508
3219705,1,-24095.414661912237
2752978,0,-6888.949114635036
918563,0,-4637.54593175864
3097977,0,-41060.444117227846
834338,0,-7322.94559005373
2472614,0,-4228.564762743772
1906732,0,-5240.997604667281
1773852,1,-9949.871402360817
2130068,0,-87492.27687960844
1580921,0,-86899.79460473449
1212236,0,-3267.974593353017
860749,0,-4369.266938470462
1598521,0,-7593.051946323318
2122002,0,-38834.34736217459
3094532,1,-6027.592629962347
1873246,0,-5819.377808799141
755791,1,-12634.811154459803
2258874,1,-13774.732440902062
2205847,0,-9658.735889845926
3340867,1,-11201.227995680416
547979,0,-8072.4876430276945
1766312,0,-8921.59102896999
220436,1,-26592.982280859334
1117745,0,-102301.18998364659
2185418,0,-89456.15445794465
673146,0,-6842.480001681341
2740231,0,-86528.12668438928
3176479,0,-6019.247382909932
2612924,0,-7043.612258861856
3171769,0,-5793.174956799174
3870667,0,-5071.845834489903
282918,1,-8816.830409754351
2734187,0,-5117.015319908605
1399156,0,-4522.043521581809
719645,0,-4112.227764394716
289431,0,-6062.124380323375
2944722,0,-91829.76221505493
3796187,0,-87486.7569727716
3307029,0,-6588.4072404068
3931555,0,-6973.679126785629
1592513,1,-7147.317549459737
723648,0,-8927.39926583566
2717146,1,-84642.92488110045
3445712,0,-13739.98053701641
327937,0,-86072.09480765971
2443091,1,-6361.114485550671
3226133,0,-3955.3593263007397
2965014,1,-3523.8987789682224
1302443,1,-6242.734086274322
3839253,1,-8857.56583523656
461182,0,-4200.198084404579
1841138,0,-7776.33502313887
1420339,0,-11186.170111251738
2769995,0,-8052.728147611967
844893,0,-4191.299773434114
2982749,1,-8384.054002993063
1960483,0,-8007.317919213314
3377681,0,-85394.82230676187
3468218,0,-4876.753271390804
1259572,0,-38270.719734705206
527648,1,-4347.203559902249
685865,1,-7966.52311219021
2876187,1,-21716.92132070371
3280750,0,-4678.080284103699
1393130,0,-6522.983307158852
3874159,0,-86858.78335392142
2465947,0,-2282.1175511184915
3942668,0,-86136.558294509
2188684,0,-7342.37674088839
3170771,0,-41258.61463829461
3399334,0,-40894.76403044749
3883455,0,-86980.59028550317
310784,0,-87680.73130004921
485288,0,-7323.827952809613
1837564,0,-1929.5492444915608
2042271,0,-8126.628116678962
3908865,0,-5820.946686880852
3538651,0,-9768.9314813612
881402,1,-5311.786750762008
1936186,0,-24419.18292649601
3312430,0,-8926.962276843147
1343586,0,-9613.50118070702
676871,0,-5395.558578210905
2427466,0,-4741.478315343745
1416250,0,-5536.46514709536
1114173,0,-4383.908455743678
3381662,0,-5595.8542204799605
1242209,0,-5671.976896108175
835523,1,-4646.725405642571
1213776,0,-3573.74016932739
629734,0,-6001.033654933599
2788360,1,-5295.749180208601
1397492,0,-39201.650005354386
2615935,0,-3972.4480830620596
822761,0,-85569.63022133932
2807033,0,-37590.065702742984
2804703,0,-12943.816773496905
3048818,0,-86178.66427035377
3518912,0,-8496.65940085663
3808909,0,-4685.108181676999
2792426,0,-9421.88141816823
1415575,0,-4288.373868181102
1894115,0,-39056.73005986119
703666,1,-5284.160775797202
2540197,0,-5294.5199103140885
313838,0,-87036.79950202875
327836,0,-5261.034568074695
2195349,0,-3888.79554009037
3092254,0,-6391.849417441612
752963,0,-10918.9586279477
2544119,0,-1964.2779841897864
719067,1,-4549.905730157546
3152176,0,-2254.328446108907
1621952,1,-5559.330850651969
1038552,0,-86217.08676058908
3465732,0,-91410.60808353935
3310311,0,-3689.252908349683
3660581,0,-20641.101460037124
2696354,0,-5844.39635555174
1035174,1,-8059.724212833703
1702709,0,-9257.639836307382
2415693,0,-9544.37717950859
3933393,0,-7120.0492175928775
305060,0,-3282.651873785313
603741,1,-9344.737255009431
474965,0,-3982.132086550389
1565194,0,-5590.327399636272
877698,0,-86802.95944728983
1485481,0,-2739.370199277382
1869136,0,-102282.44623941704
2158307,0,-41475.570045722154
2642808,0,-5108.937408347879
3297744,0,-5894.127744578158
684419,0,-3906.4536663346294
2846269,0,-10061.624958995853
1577750,0,-4060.713343650357
433948,0,-3673.173848838912
652598,1,-51778.14973550271
1245372,0,-5681.090784541804
260969,1,-51684.84732585533
365142,0,-7178.763308334083
3891935,1,-5891.055371186188
288900,1,-7436.95993702232
752032,0,-2782.460334849512
528787,0,-5124.344846814443
2939732,1,-6465.5938539969575
1826489,0,-2830.3636979756643
1666484,1,-4884.327124698211
3043913,0,-8748.876345281173
1197748,0,-4644.7144645852995
2054934,0,-3979.4669569392827
3126894,0,-44329.39310995036
3236041,0,-7200.827212497378
446905,1,-6940.778787376836
1626274,1,-9982.900275928017
3661098,0,-45224.579573639625
3483660,0,-85921.57155029361
2648723,0,-5558.89480942161
1423402,0,-86218.38839572594
3241356,0,-89399.41045843491
1540127,0,-85769.41709464251
2730579,0,-3760.257218223905
1918500,1,-100873.3854016267
3453558,0,-5160.0046449073125
2893494,0,-23656.12003943017
2807336,0,-7768.396635723261
1303249,1,-8454.857024477236
2804674,0,-2392.780797030817
2229983,1,-7681.375434648756
2280634,0,-21553.77360150109
2270483,0,-1835.8548731932217
2394024,0,-87415.06020294895
3496948,0,-6095.2820431740565
1487021,0,-7799.115662347319
3684029,0,-7986.961067789069
3863651,0,-4202.62044027088
3415236,0,-49587.88762442933
3342444,0,-5962.318097240493
1994750,0,-5488.012962078868
2459627,0,-3695.065575258017
2460623,0,-6315.683753526232
3433247,0,-7906.775264398618
2519808,1,-8824.966431721947
1934136,0,-8696.328417324752
1596880,0,-92696.93951635872
1038195,0,-4876.347024705763
2475682,0,-58108.8063439506
928313,1,-9743.286205100172
3239571,1,-11289.143733699631
1893789,1,-9202.783074041625
1556458,0,-40494.91515356517
2395916,0,-7225.5862190468815
2570759,0,-102372.02736659549
2945842,0,-7543.883213059048
915818,0,-2374.358171953748
3015616,1,-2739.7472055035714
2450434,1,-12234.679601077529
1239441,1,-4774.691611048399
1628459,0,-4622.014201846085
287226,0,-8405.069813882526
196057,0,-6520.132232603612
1358468,0,-4151.987578200457
3278679,0,-7624.295828011591
2563492,0,-5472.1388327610275
2924246,0,-92378.41327715384
372447,0,-6642.20760932545
1851063,0,-3819.9875759012025
3879443,0,-88098.8487686281
2897264,0,-5980.17145001022
3454149,0,-10331.160775643322
2829369,0,-6469.775029959175
1232910,0,-5721.923655634432
555929,0,-53243.09865369327
327448,1,-9230.255216381669
1398017,0,-85599.04501611883
3144137,0,-86541.16701211671
1602645,1,-5133.31654327336
1318371,0,-90106.76281313003
2488499,1,-5304.317975997296
3107329,0,-86969.51376994952
3847890,0,-5736.143657197692
309002,0,-4660.240719726769
1113872,0,-85802.1907569262
1461964,0,-5674.931690402751
3341088,0,-5624.353555965115
3229199,0,-6208.29132931806
608679,0,-88820.34174506877
1631528,0,-5549.083480088031
3765192,0,-4934.834959062319
612147,0,-7211.866704493908
1967704,0,-5177.085823402139
1457324,0,-7525.837497257093
3919012,0,-85621.10343125382
3006908,1,-23786.928216156295
3451203,0,-86003.82146437991
1157924,0,-10495.928411009612
1749766,0,-85425.38785930647
1845661,0,-92637.52788684948
3892761,0,-10297.80503979666
1446257,0,-10823.654436692079
3678981,0,-84886.68761537879
2976873,1,-4771.212870018226
1727046,0,-5871.168888692595
1961467,0,-3696.5004535521193
2226220,1,-2600.30818748836
3130170,0,-87778.2973035338
1286396,1,-7475.996714291565
2570207,0,-6664.050050252005
1138584,0,-10247.965306763024
1091861,1,-6366.090419366662
1114988,0,-8372.079911352099
2463854,0,-6839.032615175983
2888131,0,-6787.684297268602
3465566,0,-43887.59997524716
3208721,0,-6556.453459202405
2575841,0,-87120.39977362167
2830259,0,-7319.415006377212
1678602,0,-3518.6655226141747
741000,0,-6343.164325562828
2017652,0,-3896.73875710293
1405233,1,-10018.926324259906
2218774,0,-42731.42627104992
2221800,0,-5683.584450604557
3916301,1,-8952.700125213425
1368708,0,-9991.758177163598
3764280,0,-4815.313844411803
514895,1,-8989.690122097001
2159759,0,-8469.94229834354
2595425,1,-6036.393765240939
1278108,0,-9134.941629711184
2869307,0,-8718.740286340633
2747608,0,-4609.885792403856
232928,0,-42160.82355210331
1491217,0,-5518.789889819659
3924593,0,-87783.8529034188
2977983,1,-8206.25357273783
1329382,1,-7629.761034027804
2605886,0,-85866.50596374595
3700670,0,-87913.575725183
1758182,1,-8575.618576026362
1809072,1,-8977.703837556888
296704,1,-5063.215112489168
2252738,0,-7685.452846043934
1491148,1,-3542.3563747100043
2737705,0,-5430.373771012265
2509145,0,-5451.235225781675
1414927,1,-8516.638366411513
3312354,0,-5122.096989542757
3913700,0,-7799.069461958898
435723,0,-21853.494969564763
2898953,0,-90324.56343529889
1963791,1,-10513.009354983742
500814,0,-7017.246576307087
2024189,1,-3911.954290559995
1687440,0,-4042.6002749213576
1225158,0,-4670.382282098016
1147525,0,-41052.64991922918
2732869,0,-5567.048340598464
969248,0,-5657.623481291019
2925984,0,-60818.66110524618
3888406,0,-8484.982549311451
1490811,0,-8146.247517379509
3096884,0,-88141.55925948406
892552,1,-11553.883003386674
703936,0,-85825.79788113343
2177084,1,-4065.5382654167493
3164066,0,-5669.230350361933
1102804,0,-41987.305301375454
3753953,0,-38039.18076996118
1811597,0,-3363.0903445102595
1157983,0,-56611.5224257894
2607080,0,-85740.14285940488
279151,0,-6233.150118289593
2273114,0,-7491.767141688085
3466345,0,-88550.08065694386
1156589,0,-4897.534611560029
3739565,0,-7563.483049603555
3947192,0,-6908.722322462844
870653,0,-88544.68969905491
2151159,0,-88841.4857184294
2441237,1,-6635.896419894053
862813,1,-4259.731679239943
1207814,0,-42098.36133355261
2653939,0,-10102.340896179048
2159222,0,-7030.76729197307
2053320,0,-24137.665394834552
494696,0,-3295.073146663581
3955627,0,-8145.84642547869
2705041,0,-5607.175768311746
3078885,0,-3466.908599029013
3503623,0,-6315.158645175229
1396730,0,-6638.159670038383
1601136,1,-13138.683225666908
3158281,0,-8106.944154386265
1962829,0,-45928.647481271415
3717820,0,-6883.652448037296
1524179,0,-9483.717787156525
3335727,0,-7101.944934424989
1830673,0,-6930.0824287912965
1436825,0,-6436.935028967777
3512763,0,-85935.65380809321
1586902,0,-40482.03592782234
2661091,1,-5037.354805044211
1734200,0,-7234.866352184769
1935653,1,-9678.388221331243
2459142,1,-12497.24650831958
1390684,1,-17378.790569828827
1901903,0,-5593.307443675557
3808845,0,-8938.43030709667
295844,0,-7862.302550381354
1290296,0,-3352.017666349799
3206743,0,-6975.74551237816
251488,0,-4219.479325445289
708393,0,-4763.161066608186
2659545,1,-24309.11523638924
856932,0,-46931.02758069428
3033197,1,-7494.432022036776
3048166,1,-11439.161766204847
3187840,0,-9633.953847785486
1389120,1,-7339.676512471026
3684940,0,-6838.358515706063
1423519,1,-4502.38669331216
3488780,0,-4714.742473019954
3181922,1,-19841.090411497105
2004608,0,-9284.09873566409
883740,0,-87914.5225541757
2852498,0,-5352.4352874867145
2180510,0,-3896.4211274757063
3298767,0,-5078.439777988329
1877870,1,-8949.645216635769
3261043,0,-19514.96579976352
1547167,0,-5506.939868624468
1299275,1,-13262.220173381846
3173758,0,-7364.498142789902
1449419,1,-6911.76325273544
2731417,0,-4669.078151043328
3201057,0,-85585.21508243968
2194007,1,-2402.439403846102
3906150,0,-7914.587447315029
1619595,0,-2724.880083297558
3711697,0,-5182.587102113931
726515,1,-6139.249590825689
3287248,0,-6491.957382032887
2986819,0,-40509.184816107176
758323,0,-3123.5665276256004
408852,1,-2599.679414774035
1767069,1,-12815.29800482314
621685,0,-4906.623489231348
809479,0,-41790.67692349455
1843344,0,-4756.715502229394
259971,0,-6688.638306986857
244757,0,-43075.8227835024
3874082,1,-10273.169824010252
1725733,0,-21436.283057536806
909470,0,-7740.160591298659
1703188,0,-25359.88944895545
3113445,0,-5430.023738138981
818951,0,-5206.64343819564
3703433,0,-4073.3839616497953
3800808,0,-85484.07998138467
2581798,0,-3413.4827455221434
3023123,0,-5905.167222063692
2176425,0,-4838.926384626143
3727255,0,-86286.01767965703
816431,1,-3493.3571724687026
1449380,0,-85809.89741096931
3244649,0,-8200.852485796942
2758411,0,-7092.75745724009
3719406,0,-4851.839835969946
3727828,1,-10508.689884273697
1363263,0,-6924.369198669125
1621353,1,-6948.965534552552
984132,0,-4768.220012697369
3726930,0,-4599.430990592112
3918483,0,-9107.771298725298
3908926,0,-3089.6846540450547
2191425,1,-36794.5230947468
1198088,0,-4119.390956819433
624162,0,-5269.132711744849
3366075,0,-4945.651759858305
2108574,1,-12556.850297744148
2565863,0,-4990.651845622358
1691198,0,-4850.01222615688
3367885,0,-20745.08410592808
2122835,0,-10588.085697245091
1220027,0,-19353.421956325856
1119795,0,-51047.4382269411
881548,0,-87399.76452427688
890777,0,-86327.13078904402
2197042,0,-6274.631109032016
233542,0,-5912.35105652646
3875087,0,-85722.1558023258
3067343,0,-91874.87273172602
2445799,0,-4871.836012224593
451361,0,-42071.82246956255
2517212,0,-8500.636358510012
3148495,0,-40793.67733200714
3366419,0,-3876.9432169455936
1419476,0,-6446.735488774085
1826269,0,-2719.4846702475043
2867065,0,-5135.61700678439
3440885,1,-11989.526585599357
2762255,0,-9402.048685462572
2665541,0,-7168.837278360442
3659373,1,-10666.293154005181
649764,0,-6800.335905584827
2718180,0,-40390.9842871147
2547194,0,-4302.633313635873
3137414,0,-87898.48233450532
2808655,1,-37402.10364502499
2782097,0,-8785.958419966899
2790871,1,-5498.43629053097
1602051,0,-39922.67854432879
3477719,0,-40369.96470470109
1718542,0,-11682.06560406669
3945653,1,-17641.968394268963
895193,0,-4638.959859297939
1388784,1,-8347.630030978626
1877465,0,-14125.633233759778
568452,1,-50526.88143493425
2178610,0,-48726.6819903522
474806,0,-11211.934641883101
1641666,0,-5401.570575359104
2006050,0,-4524.052050962702
1007547,0,-3781.0256659365136
3306315,1,-6255.625579648725
2401955,1,-3244.92318903215
1948272,0,-6032.188335513287
3694491,0,-7440.800948778526
1418951,0,-3172.6193252300964
864653,0,-6253.54530810255
263665,1,-20254.139643156876
3053180,0,-3731.4943767752247
245746,1,-6703.505939051415
1890977,0,-6485.6442288047665
2576730,0,-10201.189240954116
1618399,1,-8669.736053362263
3243495,0,-44955.10892984975
1594685,0,-40674.26171384416
1352667,0,-2261.93779411647
1768451,0,-7699.92283162781
420406,0,-6738.0097255809105
3229619,1,-16019.13624622662
2705702,0,-5122.856185634685
2393825,0,-88797.64100513361
1137670,1,-3740.563065076732
1670601,0,-18975.179764440243
958004,0,-4731.773405763171
2803371,0,-6574.042570049278
2571624,0,-6529.819148357057
1556499,0,-4898.7880264434825
3315094,0,-12462.210244990929
535045,0,-8141.190249152809
2929222,1,-25164.4167739323
3129344,0,-3907.772991348192
3110231,0,-42128.91540784997
852242,0,-5507.837770244873
1892306,0,-5700.265718441017
3441712,1,-8912.638689091276
2895816,1,-11287.176087771093
2584570,0,-6110.371383055977
1890716,0,-5082.519173798605
3666558,0,-2748.3376034888997
1959826,0,-4163.648028348568
3465494,0,-16190.681120738043
1256170,1,-27994.217509663642
2966237,0,-40627.20387063759
1738049,0,-11216.021187311439
3052125,1,-6509.415058377956
2998240,0,-7577.802473435813
495204,0,-3848.037485966751
3527299,0,-10620.771975615029
2685599,0,-5760.364422050901
3450306,0,-39195.339976574185
2968066,0,-6399.080671721878
1395356,0,-2100.1857374547412
3525495,0,-7336.995333554058
859139,0,-3419.846102211027
3381119,0,-3722.4006512874853
2482303,0,-7522.9166959139
1529904,0,-4538.293751030416
1028075,0,-86510.17900325073
748798,0,-9923.331288355743
2424226,0,-4707.807446374518
2878393,0,-4577.8204584278465
3750392,0,-44890.908984815884
3143010,0,-5938.353772930577
1468317,0,-5946.594007156401
363005,0,-7799.957661642525
1676830,1,-9151.035730125468
376878,0,-5208.14185234925
1444076,0,-8410.829532455204
2178521,0,-8379.074834475476
1811065,0,-6685.371557501701
2900864,0,-5445.926997559919
2132949,0,-41986.959430932286
1618937,0,-4891.814709521326
2658155,1,-5958.8365320278
1304417,0,-5151.81604698664
2745757,1,-7182.562594916004
1348152,0,-6480.101916323614
376596,1,-602.0050458271497
1337581,0,-86297.86928314411
1834227,0,-6135.404507124666
1137624,1,-10560.374433586901
3123504,0,-8414.519727019384
2458852,0,-8010.914809392462
1410102,0,-5997.672314120535
1421397,0,-4431.792974247034
565775,0,-8862.179327728967
3520005,0,-7086.062642640161
3352184,0,-4938.574217123518
1367783,0,-25282.594583060818
806077,0,-9787.626544986932
461862,1,-7394.394009796107
488238,0,-4588.443427247185
879087,0,-5032.150949528327
283407,0,-8658.169188070953
422061,0,-6118.632691809843
553920,0,-3729.636254486224
1325286,0,-6369.554300801164
1159845,0,-7475.7703378459155
2513181,0,-102551.15502757528
973336,0,-6350.868645412304
1524659,0,-7086.348055966055
1744483,0,-8260.615520370333
3430153,0,-6554.910472113515
931985,0,-7576.385382981237
1682104,0,-4163.10384987838
2395007,0,-4218.4822142837065
1095745,0,-6157.976074077888
1704114,1,-6369.059304946624
536968,1,-8325.749847434967
1017308,0,-39534.352710207066
1072501,0,-87666.10127141945
3654107,0,-6347.281421155149
1755350,0,-5007.709005775032
1538200,0,-4185.45763195048
3325974,0,-5633.368821850374
3471354,0,-7205.298187795232
1518396,0,-4412.854105133923
1971573,1,-19753.776035826068
2814644,0,-5978.619151617377
1006481,1,-8840.243706389165
2944575,1,-8741.045548396083
3136111,0,-6244.779020276106
396617,0,-5796.538704449209
2869911,1,-52709.16703759694
1379966,0,-86422.17451954106
1677893,0,-85898.54609168897
1550998,0,-18356.11811198226
1630305,0,-5065.291205803898
2914145,1,-905.7573974778953
2195708,1,-6367.633990322859
3356511,0,-3218.1854432200053
1237696,0,-6447.208841078335
3067612,0,-6030.6394934824075
2774029,0,-7347.845246223563
893029,0,-9072.161593914443
1379850,0,-7384.189054427875
3344384,0,-4525.8243043004195
1220127,0,-41573.98307139807
1880370,0,-9167.941969855447
415826,1,-9161.116417164796
1636958,1,-7617.445122153956
1194331,0,-7270.029083491161
630774,0,-6658.469232375663
536391,0,-8868.006826881852
2195203,0,-85548.09573091341
3153836,1,-14699.12834406582
3930643,1,-6315.099408749211
3067876,0,-11730.325971048314
3672759,1,-11729.08222085431
998576,0,-86174.27692418353
2243548,0,-5855.911442442707
2986755,1,-14671.914273022412
835515,0,-20319.645379096357
3774682,0,-44531.61558401182
1543700,0,-88255.91251822436
3324183,0,-6001.689905599465
562589,0,-4213.991161443712
2792263,1,-10378.55674059641
2550038,0,-87394.80563416422
1293884,0,-5430.753164324872
613053,0,-6740.209113399358
1113319,0,-7391.379307222017
1693620,0,-40813.09259831063
3945213,0,-7689.810149805642
3863671,0,-6420.591788462154
1812349,1,-5815.642797482808
2938972,0,-2959.4490947815752
3304770,1,-9386.097287336514
3416990,0,-91392.11142116401
3882132,0,-3899.674578741
2668596,0,-5281.048303082673
629796,0,-42069.788486795966
2629131,0,-5351.218490399005
2155886,0,-102281.27085185144
3340122,0,-86510.06757753032
584610,0,-4530.79470769482
1752466,1,-10379.925744529886
3245011,1,-11952.373605614968
1171220,1,-2739.140452967294
3870772,0,-7775.273785191035
2431019,1,-5962.320783268359
1811930,0,-4893.103142520547
2766672,1,-7854.650134515103
2424424,1,-5441.268940463776
1005491,0,-86815.08363458411
3929443,0,-5839.654139610667
757034,1,-12756.334522697714
2224212,0,-6286.8787711271325
3436403,0,-40693.920250338124
2018125,1,-4219.026035940024
3239847,1,-8764.735923601644
2527566,1,-3833.0283172250774
3715419,1,-4072.132212012498
2882486,0,-60812.292646322894
2901332,0,-102200.2106415703
2155664,0,-7911.018525162019
1061341,1,-3824.0586823965796
2592133,0,-6660.771312990034
2506718,1,-10056.93037594698
492688,1,-7281.3616503213825
3788111,0,-4308.07724417754
1998600,0,-6642.058115748331
701265,0,-6857.726574044491
520586,0,-7961.56289242855
1791046,0,-90713.94383114146
3953834,1,-12242.110381466639
1603610,0,-24476.09566321559
201889,0,-3877.0425653889074
1019520,0,-5632.873390309367
1199253,0,-7454.678755027288
888423,0,-39487.68387446228
1235502,1,-6320.231144463114
994300,0,-10821.365082570283
3289233,0,-8161.346546300669
2058728,1,-7033.3354005239025
1714006,0,-5218.234073796623
1135700,0,-2100.260521079794
3375910,0,-5982.732956262432
434791,0,-7077.378473339498
282511,0,-88187.45901454055
847696,1,-5074.258170674258
977288,0,-46246.46172433747
2893779,1,-7106.470760639522
3126250,0,-4400.50065861997
986541,0,-5720.781333077889
2569595,0,-7057.511309899876
277436,0,-5372.372877514339
597267,0,-9763.871297640788
3526040,0,-7511.55679843925
2110989,0,-5207.377399468084
654687,0,-7972.141294257774
1751827,0,-3912.706751291787
238814,0,-7717.048737129872
515377,0,-86520.7640787514
3489621,0,-41013.323117275235
623590,1,-8172.069947477538
3168642,0,-8737.42668656484
3336131,0,-51161.91419136266
376438,0,-3635.0826330798805
3910998,1,-12506.282218943234
2703694,1,-84510.25332638905
2656553,0,-21108.10599568917
3784932,0,-86667.55795752999
1145357,0,-3510.1777120410356
2777470,1,-54108.27942729717
3519794,0,-40974.17950492007
2942245,0,-8852.74265076538
522697,1,-10423.486230918897
1053245,1,-5493.307910652607
949569,0,-87958.68264178657
1007825,0,-6515.846266914001
3934482,1,-13429.906248243075
300446,0,-6008.718598220713
2603727,1,-12152.30899770612
1557505,0,-7473.3986850605515
3375130,0,-42362.978845377664
3517322,0,-4866.772827289153
3734016,1,-6147.747841652537
1724227,0,-6895.911694961722
1698016,1,-14300.634237212415
1284405,0,-8193.880937764516
3396539,0,-4781.4902939394815
3158789,0,-5538.082241718277
2697307,0,-87737.21323875042
3893459,0,-9353.554872653218
3792900,0,-51566.857069892
1484240,0,-29997.115006794324
998696,1,-5748.672328497544
2678062,0,-50141.064001080595
3001965,0,-87358.30980691049
520519,0,-39840.89465923609
2999584,1,-3137.0894867914144
2855481,0,-6153.5356322199905
3896434,0,-8456.084563652015
1170946,1,-100915.93411640538
2273413,0,-4572.172256486887
3946983,0,-86036.43029755542
3737539,0,-86956.77247472943
1308922,1,-5289.945514297757
3495648,0,-7209.137528531857
1127472,1,-7364.73810275757
3460944,0,-3107.979737385272
1095938,0,-1962.5232782394899
2572611,0,-3539.3055376517086
2535329,0,-41681.09372434899
750398,1,-10112.608470414509
2507049,0,-7471.578859026104
2857039,0,-6601.703319082671
2521589,0,-3252.2190872885576
199694,0,-8544.05233557819
3748777,0,-40591.38622439558
607643,0,-38409.3631680411
3855086,1,-6321.276412003952
2573829,0,-2087.8929340679106
3432394,0,-38583.46843172703
2639997,0,-8867.784697596913
2939818,0,-2938.826736355591
3181261,0,-87505.11674256767
1812981,1,-2805.1211354400857
451319,0,-23719.90143557729
2619417,1,-4401.844559375236
675927,0,-7111.241870625371
2515514,0,-6340.302990194907
573340,0,-6157.675333153318
2940399,0,-9036.736911405802
236223,0,-9156.2869702314
1864705,0,-6484.825214178455
3782033,0,-37521.609346118064
3918413,0,-1396.7500115787816
1012934,0,-40661.614648717914
680742,0,-7458.301147249341
1555566,0,-85729.75482018024
1888290,0,-6605.773143087955
2682795,0,-7894.730092132556
1363239,0,-11604.050600786652
1320061,0,-4786.741645356656
2552954,0,-9885.805176926126
1517045,1,-7361.309655962618
3801669,1,-7376.4816094724265
519985,0,-9290.879405086727
1511860,0,-5200.859775779248
650326,0,-7516.515257468659
2740979,1,-10206.037449453035
3110265,0,-4063.6876043352736
399033,0,-3015.3578525449284
478208,1,-8578.227441699486
3261466,1,-4203.395164605348
3758660,0,-6315.481165807831
732321,0,-5132.180180891829
302052,1,-21541.116951318298
1313782,0,-9488.785479100612
2874773,0,-87677.92318543259
3794455,0,-6291.826974039264
2982034,0,-5090.275556013517
1719324,0,-24353.969291517715
1486267,0,-4000.7410937106542
2050896,0,-4547.124474063769
1725176,0,-4146.468401402454
3111855,0,-2888.0307498419515
2979049,1,-10294.387033274927
3399307,0,-41688.94783496291
284162,0,-9908.00869113525
2817055,0,-7692.318447178803
3254716,0,-7390.714492140904
1211590,1,-12616.509198072252
2564552,0,-21223.08948684409
2638903,1,-7719.173856281431
3810346,1,-4675.184407986065
1615306,1,-10646.401204484957
1887279,0,-4371.253022166762
214233,0,-88830.68519976424
2838386,1,-8258.379167743426
284751,1,-2643.8082766131743
3437139,0,-90624.58800372534
436188,0,-4802.7220059835245
1896272,0,-6704.607797736059
1253069,0,-6249.611368852235
309735,0,-10948.361599932334
3887129,0,-39274.978547836756
3174102,0,-4027.2109449785557
3120769,1,-8243.73139201802
3258001,0,-85965.12617738139
869732,1,-10346.431786965271
2574971,1,-4220.143906417799
2235146,0,-5361.3514267210785
886503,0,-4614.725095241506
520968,0,-5764.618148366366
3224667,0,-5801.401001366079
3414092,1,-8917.34762578007
846089,0,-85587.07681808001
235120,1,-22896.17939301986
1867507,0,-5354.318291733089
1570944,0,-86886.1110113395
407966,0,-1882.387898306796
1972935,0,-5166.845147510014
2283353,0,-7988.9432818769765
3809135,0,-6051.255725001943
2461941,1,-23171.02421885043
3913049,1,-10701.568844029436
2949543,0,-86102.66857749657
284805,0,-87940.01046916825
3050340,0,-9729.074901585098
3732997,0,-10813.5470422197
1671251,0,-8344.436947400729
2875066,0,-8872.767070914755
3741721,1,-10141.084311190076
1153145,0,-9007.500453304492
229467,0,-9804.836503366007
1343864,1,-9518.017788872652
833414,0,-40493.300800914294
2536069,0,-6626.321881419322
2034708,0,-5533.509013021311
2492070,0,-37858.70068808467
1120690,0,-85612.11154198294
1730299,1,-5091.269841145939
3056167,0,-8612.697261535443
1725469,1,-6736.195362263638
386871,0,-4018.1327964624147
1510007,0,-4474.160605078225
916109,0,-87584.98945455016
555926,0,-86301.12295026546
3295370,0,-91941.71516480841
2871580,1,-2934.315007331819
2145466,1,-6308.774457747771
3853902,0,-10193.005789857856
3541793,0,-4635.617177642784
839454,0,-42005.251498662845
2923312,0,-11505.883969802728
452250,0,-6157.220501823671
1365606,1,-3768.827373894638
1151015,0,-85490.99104173528
2709200,0,-15023.662490763054
728743,0,-5930.89987257502
3207739,1,-9308.25240341127
2970107,1,-9025.454461285299
450615,0,-38280.02360497499
194325,0,-2979.4149164989785
289294,0,-5712.069502339346
3444660,0,-6022.873768939076
3666430,0,-21256.832105643873
2764502,1,-7359.754776643074
2114630,1,-6878.201082726993
1082996,1,-7388.203072982018
3107007,0,-43455.21677222987
3332673,0,-86866.00433113165
3106328,0,-5091.315944478853
2425889,0,-38635.117623188235
1559750,1,-3588.8538504905337
3376396,0,-41819.00139874898
2504644,0,-5624.302304284742
864550,1,-5240.857872825821
3223273,0,-44012.22529305676
1467912,0,-5372.598178756704
3931461,0,-7861.926561890061
3207294,0,-4764.973386870871
1810869,1,-15740.857268736425
1719079,0,-43346.652342168985
1202286,1,-11135.293575855534
238529,0,-41768.41848037756
336991,1,-8071.261803765695
586143,1,-49774.69745020216
1735954,0,-3087.797494544251
3674904,1,-4781.724612803244
968115,0,-7104.089902208949
2793174,0,-4848.110360344765
1905038,0,-7458.2348306202775
868253,0,-44086.83699463742
2630230,0,-10714.1810088526
3524701,1,-11667.742482532312
3160595,0,-5214.68175903696
940384,0,-2869.20225874572
1726419,0,-87121.88517880402
2269644,0,-11308.266399799677
1008292,0,-6771.269671461765
3357000,0,-91287.55105560305
3890254,0,-39985.910191286785
2152212,0,-86577.61817656644
666664,0,-2584.6712699405143
3030982,0,-98864.41894891941
2817465,1,-24782.02050891235
2108165,0,-6537.220125531057
3486021,0,-6716.9174085914265
933116,0,-6808.470293994287
251288,0,-8515.166562994746
255110,0,-87914.11410531045
3306516,0,-3217.66517273904
2254185,0,-9634.529936413423
2554609,1,-20581.619121818185
3196673,0,-7201.001321539167
523360,0,-4772.259957425324
3952355,0,-9283.682065877721
3335676,0,-6994.423166436454
1367214,0,-6622.772501448222
1158661,1,-5026.979993629435
3451746,1,-4649.028190724309
2660358,1,-85792.88937741393
1869535,0,-7835.360418809866
3410120,0,-7840.279414354001
1810734,0,-9545.971047064717
3079579,0,-5986.799083356235
3378394,0,-6546.519888309033
3913986,0,-40093.92384212664
1141279,0,-19630.445198113193
894866,1,-9640.656602976782
406358,0,-5168.325123772814
1711013,1,-11525.924744353566
1819816,0,-86998.88320215461
364755,0,-87393.68827752049
2829772,0,-5510.1523228697
1341026,0,-7778.96789781113
1952549,0,-9628.884529753663
3308150,0,-4537.140663992921
1005280,0,-6363.4062708270585
3394146,0,-42742.41953639385
674402,0,-7069.566592425557
1791974,0,-24352.37431217081
986887,1,-15032.672872878078
3111465,0,-9062.654308803516
1906875,0,-8257.609320013404
3944261,0,-6819.299103586438
3803523,0,-6351.532979006645
3488976,0,-3443.1491963050544
313665,0,-7085.693239494439
2232449,0,-5976.036402885944
614818,0,-4512.036421023785
1707858,1,-10279.94775771054
2162264,0,-8427.345499765033
2209527,0,-87746.49052721
653988,0,-8843.35788585507
2468463,0,-4095.5558260834396
2151797,1,-7119.260534771757
1614566,1,-6976.7333531491095
3773885,0,-7313.032928797223
233772,0,-4808.572801717411
1067933,1,-85805.1693834897
2985387,0,-6296.273016636883
555684,0,-3496.256304981518
1115792,1,-8958.313887111399
288148,0,-7627.718269789503
2142216,0,-4751.023765405564
3254619,0,-5975.990571692989
2971412,1,-14588.41546273368
477470,0,-25647.925364408708
3437886,0,-5724.137354029768
1146107,1,-7846.563906164721
2151404,0,-7972.171264724372
3764564,0,-37973.75260388709
246620,0,-4260.325341948138
1717670,0,-5009.959358540198
3282578,0,-5977.64835282996
1389855,0,-2268.1572391343807
3120821,0,-4828.3794282920635
1024317,0,-41388.17499788043
674517,1,-4690.760794633127
2219879,0,-9094.058576118205
2283764,1,-7460.250461325715
1559500,0,-4426.088258827903
1109286,0,-4118.545059510659
2992657,0,-4077.3141602560854
535433,1,-4721.843238774939
1372595,0,-7729.773812284465
1648612,0,-41112.75320754262
3756787,1,-5793.880126399172
204484,1,-9058.206742163302
1051772,0,-5907.44717958062
3946303,0,-49144.2013938238
1288346,1,-6248.988434161509
2501750,0,-10600.104464067788
525372,1,-8545.017695625305
3841784,0,-7438.317808258234
2760706,0,-8392.301624884138
947977,0,-7279.086027920353
1563007,0,-85636.03735575432
834949,1,-21591.68910399393
3500388,1,-16330.441061544416
1397393,0,-7112.457088030206
1099665,0,-8380.156067219159
344815,0,-3672.2085623566436
2970548,0,-85451.702039996
3886299,0,-4005.6976033055585
3696165,0,-6519.293615147874
3663677,0,-7119.850952420949
3148991,0,-5640.071134998624
1767271,0,-5631.850335666981
2802522,0,-4627.52777039163
3432454,0,-86383.18798353948
645743,0,-5894.931860371289
279379,0,-37119.7139630375
3932485,1,-7726.445143350309
411848,0,-10367.6833874288
2258275,1,-7162.148878901096
1892071,1,-7559.991758913011
210434,1,-17656.30530887286
992030,1,-21861.82723468019
1328044,0,-4924.211717806975
3523570,1,-8316.678422479628
1453172,0,-88728.49723716934
3663046,0,-4186.692270835803
1443515,1,-4360.338039521074
3667215,1,-25733.045106905774
444800,0,-4588.854138969719
1703265,1,-14044.940894023473
2396824,0,-6548.039432711475
421113,0,-6308.314459408211
295060,0,-6081.836262911844
2464371,0,-2561.4895804734647
1509576,1,-6083.422510975383
1753971,0,-86059.52525968252
3954820,0,-1461.8370501241834
1668079,0,-4924.261791267631
3878410,0,-7393.802257708052
1486261,0,-42668.50137502166
3049378,0,-86509.10434055752
1764317,1,-6649.073505944536
3429602,0,-4796.367761392909
1267417,0,-85585.47259234861
3345632,0,-88341.49027307061
3773160,0,-52236.38618735962
1382949,0,-7065.051276361929
1765852,1,-11475.637861611844
2722634,0,-4189.340557959276
3195890,0,-86484.11263798054
1564380,0,-39629.72364297046
914315,1,-18416.15666648829
1719118,1,-8622.349140807255
3005043,0,-5464.692672425548
1054498,1,-3706.194185362584
1230305,0,-10596.494919824429
252035,0,-7481.093079759995
2239976,0,-3401.504188990817
580039,0,-8963.12468540538
3663145,0,-5924.199808762718
198717,1,-6055.031050942849
219997,0,-4112.3908961696
2774670,0,-7019.179260053613
751988,0,-6530.462476548314
1132617,0,-44814.09198465722
3322799,0,-85468.23499438989
3757838,0,-43483.214690885485
2497151,0,-10203.465552814343
3870218,0,-4967.796636310406
1817273,0,-11776.019901082449
2779432,0,-5703.892612033701
1065311,0,-21924.359907235816
1123254,0,-6202.145502356609
318093,0,-4245.694768992507
2947259,0,-8964.11285581906
300908,0,-9027.821310404495
1517262,0,-5018.206185134597
3147261,0,-4048.5048256174755
3663048,0,-4310.951210124414
544500,1,-9975.236630260903
1871427,0,-85573.11726555745
3101682,1,-12686.959601320992
668892,0,-6246.479670018463
3702354,0,-39282.077041248725
1240059,0,-85355.99559615925
653415,0,-3729.6666383212937
1916689,0,-5515.735014150477
1957173,1,-10436.678997951381
1433993,0,-42039.99931508283
830931,0,-3390.8857999199836
3669906,1,-9401.012755111808
3382385,0,-91436.80566756253
3333228,0,-2715.3793686228555
1406369,0,-5206.118846666567
3894414,0,-6534.006925151134
2395173,0,-89653.46810302176
815940,0,-3153.9986618894363
2543122,0,-8525.453141787348
457623,0,-5236.390752730989
1396487,0,-7382.459149192506
3003346,0,-4720.94283763439
241170,0,-8850.693101780616
3165820,0,-8263.971975794897
1242914,1,-5815.052178928103
819623,1,-6716.7149537013265
1664731,0,-7422.15684613677
476799,0,-7765.86476292847
1847416,0,-4176.726831669886
3714033,0,-4450.036615599676
713787,0,-9194.908868636543
1375742,0,-2846.6341142580004
3474738,0,-9716.509828025837
2002024,1,-3951.1787549005976
2636073,0,-4998.821492146453
2807662,0,-6949.7289621412
1147830,0,-5670.90362748397
3524393,0,-7781.900373814717
1708562,0,-5849.32450237186
3537886,0,-7065.537349166506
1545034,1,-7688.621024369717
3417541,0,-9102.668836409184
2666868,1,-24486.89114906189
2966797,0,-19163.74296134131
1904434,0,-8103.919161215191
1702232,0,-4143.769927705424
587658,1,-5961.392109413755
1411039,0,-3754.445517231151
3804915,0,-5619.174992766006
2246871,1,-6302.031000048898
3159049,0,-7795.7298592873885
2903089,1,-49885.22739404376
3073850,0,-3078.570685157248
1571754,0,-6219.653158367817
3880313,1,-10702.190288803557
1532814,0,-6272.213263133621
1912434,0,-7668.70078544053
334551,0,-6737.498242747262
1436017,0,-6505.5290214016695
513824,0,-7764.764350803152
636937,1,-4883.345343969448
2210928,1,-10133.021190396901
1680240,1,-8683.828204745138
1764037,0,-2964.161632569735
1695257,1,-7524.126690341236
2651057,0,-86187.95223390151
2237248,0,-4466.3899115324275
1829757,0,-7707.714075159312
3143745,0,-7978.750857656283
3792411,0,-5163.431879262906
2908618,0,-22231.57547917039
314002,1,-3046.200449025888
688119,1,-3950.0017898613205
3210681,0,-6920.347819415659
421735,1,-4472.126840318633
3003999,0,-87635.28413974424
1157111,0,-10584.6283431618
3736700,0,-4728.66498423206
2048306,0,-7241.803981824247
3932679,0,-4618.467502353088
1512843,0,-5959.500680912214
1736804,0,-8605.334969904976
1951385,0,-6076.6838106536
3182670,1,-24846.518985262348
883099,1,-4263.866345954927
2757668,0,-2613.708755130069
2163890,0,-4168.712324481842
2177040,0,-6204.972412157647
573557,0,-6219.765321672981
3107837,1,-24954.00877513944
2012308,1,-3596.4643882471755
2543570,0,-4484.798874196042
1406560,0,-4858.932514349014
1943127,1,-12340.264886075516
3138012,0,-41731.603940859895
2716195,0,-4027.185451264397
528145,1,-11024.608007015977
1013824,1,-3383.411775062955
1938759,0,-5020.406167423227
3173014,0,-22162.882874288476
1725673,1,-13832.776722059521
3352250,0,-4056.864805326093
1963563,0,-9404.426485458454
3042285,1,-3764.586410303163
1224436,0,-8091.37037047647
2635804,0,-8681.151899529279
2127202,0,-3314.9490639432856
1448323,0,-89766.40278956537
1354214,0,-5074.1797943384645
1876814,1,-4915.922897210393
1195322,1,-7504.143315248708
461728,0,-5316.670634161572
1873907,1,-7606.7535064312
952121,0,-3447.496608234231
1109133,0,-7034.755960907716
1956399,0,-5502.761027004127
1127766,1,-19007.23299667489
1350272,0,-12246.046898539937
2639527,0,-5775.960043611351
3759182,0,-7476.262361110399
360194,0,-85855.064689862
2782579,0,-7222.259751196272
690976,0,-7858.5954245263165
3546616,0,-5828.612728769114
707541,0,-19379.46851141567
526197,0,-6302.373270866033
1613932,0,-39337.20710158508
1204454,0,-85746.47489862218
1870292,0,-4873.3396042928725
3119601,0,-7935.703299613268
2979080,0,-4404.736385111545
2213448,0,-4811.737374537026
1660653,0,-7547.657661699052
3532518,0,-4897.902700327017
3157000,0,-6447.583704359714
3403597,0,-38108.74544132923
3659025,0,-85605.55760441566
2611741,1,383.18363058543093
2856447,0,-2369.456570372551
646748,0,-5559.544874825275
478299,0,-7445.7384520465
1623148,0,-85497.25750131556
3010940,1,-6991.05409002332
3862206,0,-43046.390301571206
2847786,1,-66680.52073630839
2612317,1,-7478.401253611812
1977351,0,-14917.156431877029
643204,0,-2009.0404918132024
921350,0,-4796.074858059365
334235,0,-5447.870795599266
3851125,0,-4685.164630820349
2662725,0,-102443.07463728485
566838,1,-9928.05239699341
2609208,0,-7545.206584994935
2705860,0,-6839.325776422009
3131624,0,-6018.346972424191
269591,0,-7114.873964017007
548036,0,-6486.971042875432
1903563,0,-85434.97762907343
2518459,0,-7177.5923648413245
3081438,0,-9649.156825741333
508765,0,-92822.18048588395
2834449,1,-3036.5683760182915
1040984,0,-42472.30414523397
1531583,1,-6322.479138903963
723841,1,-8899.950788503793
1540277,0,-85892.71553412042
1909958,1,-14744.268586431814
3957358,0,-44497.90728035851
2724849,0,-6176.486728515886
3325691,0,-1948.6484796931684
3213590,1,-9056.070078028428
546879,1,-6864.668708987312
570392,1,-11663.08415352829
2729427,0,-42556.11958447202
2866145,1,-4447.205298837736
1235767,0,-5974.8204445539395
1017800,0,-12091.847608826836
1643174,0,-9328.247502916349
1385450,1,-8362.941432198226
2190322,0,-4943.204154716508
1839158,0,-86493.41472944696
1669039,1,-9432.29787870465
3395714,0,-86195.55136392919
2921936,0,-3583.7899664809847
3472612,0,-3736.8227493204113
3381041,0,-86058.06665686249
2741284,0,-85849.08067692231
1825194,0,-5465.1278963783425
3348792,0,-2842.1098059218066
1580281,0,-3842.996058839531
3675214,1,-5483.798242690181
1154642,0,-5151.278705791268
2534874,0,-4082.3173224353873
2454536,0,-85358.43351062473
647114,1,-7024.2656162542635
3327389,0,-42498.584151957446
2516489,0,-9569.936966201985
1454786,1,-12360.080050927098
446772,0,-4868.03491250406
1860214,0,-86425.04134602218
3026736,1,-8934.525234950319
1056228,0,-85574.40482753616
3853132,0,-4525.565385427319
985520,0,-11661.341148518623
339815,1,-10704.387196526468
1624119,0,-5141.766620465075
2809170,1,-11740.98592269418
1705439,0,-2390.3130272531857
1153790,1,-10589.172982087402
2843424,0,-22695.707571233874
3540964,0,-4741.169790338299
1997877,0,-7629.643658403002
2554547,0,-3198.4835594220795
2897176,0,-42177.79143890175
1628651,0,-14426.25051431855
280596,0,-12742.25177399177
692832,0,-7083.279118622534
3445529,0,-7857.478611590229
204267,1,-11839.10109189425
2495839,0,-5987.170690186774
3097451,0,-5562.494975707421
2499616,1,-7775.203809231432
2983448,0,-6062.997902189593
3503413,0,-8675.59308006262
1478686,0,-3253.7854950509914
2117954,1,-6985.283586225867
2008881,1,-11767.387722213054
3479869,0,-3780.751795670628
3024049,0,-85870.4058292754
981417,1,-17598.388295881367
3062982,1,-10436.530911517842
2183427,0,-9815.872876851712
1693391,1,-7465.368883207441
375621,1,-3237.4087379082616
655348,0,-13275.260527007822
3788475,0,-43722.88499855321
1712131,0,-86518.693355856
3904917,0,-37405.73757319579
3653681,1,-10922.1015802865
3394038,0,-2610.5768487910077
2494693,1,-7856.694461289076
1833146,0,-88959.21473088689
1193674,0,-7763.898673776986
3909556,0,-6327.84989057987
259504,1,-9817.934732692383
3706354,0,-4595.566930019799
2575043,0,-89642.08355801132
1569730,1,-4890.882035840004
3462572,0,-4482.787298412589
582749,1,-6330.982208366978
988101,0,-10158.592270861081
3508445,0,-4309.784522195424
3073443,0,-3790.3130946044907
3187829,0,-5350.949282908727
2391822,1,-84906.21402120855
1784113,0,-8673.518147515404
1702339,0,-7250.37595317831
824630,0,-2746.793782792674
1149212,0,-7532.91113342285
1450156,0,-5410.087173793587
2449172,0,-7710.454133392359
2023232,0,-3933.030783118642
2206037,1,-7141.357334495775
2823009,1,-9311.338532566779
2153185,0,-8612.112034752086
2246288,1,-5639.127719650977
2874416,0,-3770.9600119916336
1233996,0,-7855.6823573363445
3724839,0,-6912.614444962627
2121273,0,-2148.3747828661976
1451110,0,-6500.447373935583
612530,1,-10472.468760608737
829638,0,-4557.201107794866
2111910,0,-3094.034992550729
2110019,0,-3003.6262192540603
2138287,1,-4049.983999727435
470744,0,-4128.792774710228
1628546,0,-10363.313994047005
3735862,1,-5086.200149285921
3180741,0,-4660.992742025746
440717,0,-12181.35678950978
2819816,0,-4909.665800929877
2744956,0,-85521.71845800131
858419,0,-5949.799358960305
327303,0,-4849.572826121161
1299582,0,-6720.397130558652
2614319,1,-10766.136787592768
3284786,0,-2976.627205154187
1077216,0,-5512.130953615191
1955589,0,-7245.270920553406
1971404,1,-9004.548934991344
538348,0,-7799.209701849084
2833134,0,-1852.1463205984273
2912099,1,-13346.950072806872
3849711,0,-43417.728980004176
3397267,0,-6386.981096693096
2625439,1,-23646.44811290646
2042545,0,-86901.80756477371
3052033,0,-9164.054010420363
3882649,0,-3199.5521615189873
1277047,0,-4778.027408683967
3144629,0,-5923.8365466364985
2455313,0,-4207.5276963244405
3115780,0,-86482.18643152915
982333,0,-4448.139132798222
3736786,0,-85682.76266544602
3462474,1,-8192.423112229275
1445245,0,-88302.76588665713
3222486,0,-4127.0759352698005
2982758,1,-10990.952706908316
1965163,1,-17822.093826789438
2507693,0,-4952.676930951312
539968,0,-42066.27871120142
3131601,0,-45908.76854124461
912351,0,-5934.5671590049
602142,1,-22507.53902217867
2948843,0,-11925.986561815063
2792512,0,-4017.6674037324947
3540148,0,-2772.6402047771753
1565283,0,-86912.49423617037
977224,0,-6356.730548347673
1489522,0,-3752.4192385216033
3758859,1,-9812.961176314175
624823,1,-366.79265375226873
638302,0,-40760.58706694123
404555,0,-3564.0602039574846
1980587,0,-54821.641345366865
3756046,0,-43721.2714553019
349754,0,-89933.20580222951
1421111,0,-8097.814272034215
1689780,1,-18756.965371041722
3802273,1,-8627.05631302494
421552,0,-5801.134199816316
2696098,1,-11183.95876711682
1327955,0,-8345.192125703088
3429501,1,-5533.299775732173
3151567,0,-86395.12903928569
2458259,0,-42003.64669229318
2127253,1,-11312.031299046803
1715912,0,-6695.10868490196
3714322,0,-7775.65590434088
1335512,0,-6958.589294949137
1024184,0,-40679.16090550607
1429886,0,-5803.287073094709
3250853,0,-3716.6860042877083
2135214,1,-6152.4484326155825
615981,1,-5064.271756882138
2129628,0,-3482.5875092784486
2995293,0,-5417.783380608902
2126602,0,-14145.930370548347
1167078,1,-5941.407228143465
2282294,0,-4966.840713326273
2826332,0,-6114.859777687802
2238041,0,-3066.3008509726774
2236875,0,-4094.9397292336307
3176220,0,-39843.66255799277
2144506,0,-38209.24956494205
745183,0,-6378.277035036238
1739819,0,-4249.738466188009
2567165,1,-9695.26532515176
3422588,0,-6447.937988568606
511163,0,-12058.507799923455
3916146,0,-87392.49562389277
3329154,0,-5624.157112908852
1360774,0,-6488.120601001349
825771,0,-8669.589944980695
2186980,0,-43440.98928046896
3103426,0,-5798.431064823267
1103359,0,-56221.3322097904
1560059,0,-2905.005923377019
1974571,1,-8956.505842443388
1114591,1,-2178.781595777947
1360519,0,-6704.196518319011
1644124,0,-14672.840805373016
3190150,0,-6436.971348772459
2133675,1,-7516.477991633616
1301028,0,-7841.461027821278
3924501,0,-86345.75052834243
2149922,0,-4399.977851009816
2885935,0,-5192.074364847454
2478374,0,-2219.524113585833
811817,0,-38030.75191072527
3471559,0,-2732.168994441885
1215482,0,-9338.439049685394
2843488,1,-6527.713714377394
1704080,1,-9190.003046331503
2763272,1,-15447.931291034305
2492321,1,-4280.360606495631
3235081,0,-86807.94886482577
286164,0,-8056.187176218845
1892625,0,-2819.909999275983
3404751,0,-85878.85197736428
3268223,0,-2407.721201448488
1768372,0,-6482.57703480783
269960,0,-2629.6694773786157
1604525,1,-4615.117743633005
2929549,1,-6411.12452001321
2547042,0,-85347.91448446247
1240696,0,-91005.39529656133
753530,0,-9259.475781330144
3378753,0,-86552.79489093731
3740351,0,-41592.95088734857
3485769,0,-89726.6846883665
3938067,0,-9044.002595415775
596505,0,-5767.742510092264
3374295,0,-2395.505283788723
3671765,1,-7042.221704665469
2465495,0,-9889.997422694065
227811,0,-10483.94866419992
1513787,0,-4996.37951598793
1992849,1,-14376.13425097883
2788896,0,-8270.855001210286
1989930,0,-5538.446330658842
3218081,0,-88283.89302466901
2395066,0,-4277.652658504412
3782302,0,-37456.828011950856
3228791,0,-5545.525418920324
354937,0,-2977.3786701054305
579465,0,-5185.614778028398
754806,0,-5081.485657379
1394212,0,-7159.327549652675
811974,0,-90340.31196524549
2700595,0,-7464.77109512527
413909,0,-86095.74923616614
1227174,0,-9539.668560339858
1509031,0,-87163.18571493648
993557,1,-7599.314792057356
1952153,0,-3841.3254873445344
3440818,0,-8588.569794099218
1701591,1,-6291.521837195563
3101175,0,-3448.30567850783
1086252,0,-5748.270669784485
1168830,0,-3388.7593404250165
3783854,0,-40626.11590198735
525963,1,-10645.07776100076
1143326,0,-1599.968254880565
955938,1,-7104.892511907215
2509388,0,-21151.927460326493
2049905,1,-4850.185231186064
3351695,0,-86288.6851141988
3947963,0,-4453.189294545099
3528392,0,-7451.331707327184
3682731,0,-7947.428718674239
1891301,1,-8300.35234813808
3679615,1,-7448.316383808131
3341211,0,-86158.29228465364
291863,0,-6067.336419085523
3130917,0,-40358.21110568491
1665040,0,-89169.21623654859
2058323,0,-9572.713709953485
1856285,0,-7444.174241775939
2572577,0,-86499.75714769623
1456793,0,-18579.967018098385
1614584,0,-89467.37853879979
332348,1,-11560.432002669873
434685,1,-22082.397686390243
1935687,0,-7131.515604564919
281516,0,-8856.210874178545
269701,1,-9661.370816500628
547094,0,-9146.243094749518
3430749,0,-3624.0711287206077
2531806,1,-100854.3196448134
3399813,0,-4989.365586561568
2809937,0,-3915.7598029317132
222849,1,-4316.151021891027
3110913,0,-5826.683891967459
3245189,0,-89430.29367543424
3044732,0,-5226.190852793115
982890,1,-6570.127448967337
2980608,1,-5990.435176984895
3469224,1,-6969.540104847156
1945308,0,-4374.198476186745
3686999,1,-5136.607499885229
314293,0,-2913.119254162298
842306,0,-6423.964481361479
1891129,0,-85639.35901669008
2817601,0,-11516.28778482662
2825782,0,-87326.23881489098
3058574,0,-6179.341787146219
294562,0,-3651.601949583142
345049,0,-22724.08646813356
628991,0,-9033.271343367778
2782986,0,-10947.777696946754
1725654,1,-5847.071843153855
2223611,1,-4711.578048943987
3668895,0,-9287.969363229
1541392,1,-13152.527643797614
3748243,0,-3767.4652752873476
3345635,0,-5965.941035193474
1667317,0,-5548.4511898270075
2667847,0,-3302.2528792161925
1326842,0,-21039.08190441883
560563,0,-42067.92617604437
2474945,0,-25623.413110371715
3716501,0,-3704.6002320743837
1427962,1,-7021.2769723740685
3885549,0,-85717.78796098378
810983,0,-10375.013636783438
809061,0,-4060.3912376586677
1567801,0,-8013.833171453026
342410,0,-4079.8006837868143
3370674,1,-5440.2513566120715
2996429,0,-5717.853231649066
3019128,0,-13629.938694105522
3672609,0,-85448.00340257268
3130466,1,-8405.640932986595
2927433,0,-4051.603412295593
1734633,0,-2146.632312672465
3022511,0,-6944.48054529951
2249357,0,-86213.2666641688
578127,1,-10524.246535070817
628758,0,-6630.291657180455
3328851,0,-7024.986913049918
1575853,0,-2103.8415895337903
1351856,0,-8785.443720234036
2062092,0,-11472.33406623616
2781322,0,-92690.24054726693
3521653,0,-8075.278486769536
1440582,0,-8929.59985187801
904427,0,-87536.31944879534
236809,1,-7631.640048194359
3369589,0,-7346.566709723365
2186021,1,-7052.3025163465845
2888642,0,-6833.241475986922
721582,1,-6113.052098419333
3274899,0,-88195.21287855523
3012006,0,-8021.066405583281
872880,0,-5352.827619022934
1114482,1,-52627.18324988201
492178,0,-2994.2039876691088
565712,1,-7917.585494370693
1846514,0,-5938.577189668605
917848,0,-41600.17061954263
876684,1,-4319.057101374038
1526564,0,-6780.379265216275
800584,1,-9110.912870330822
235398,0,-8426.022064056673
2060321,1,-3631.795234938904
3153050,1,-6935.159596465697
915147,0,-6576.867717911517
3096140,0,-6340.4322179957935
3251922,0,-86997.74677189862
1600912,0,-39875.470298486434
428348,1,-8292.246914093123
1909665,0,-5989.465711123294
273635,0,-87296.72088819063
960357,0,-5785.950490778232
640510,0,-8632.370315090202
1231769,0,-1895.150060410311
3421263,0,-43980.8189764306
3711475,0,-6487.167788349978
3918845,0,-20928.005116460357
2128111,1,-23580.210800338857
1582790,0,-8909.960174597272
497745,1,-7179.303537367224
3716499,1,-8932.923799006163
801218,1,-14771.126424481427
2867527,1,-5775.272098919017
3512909,0,-3473.1310274850803
2504153,0,-4081.6747140605344
1503194,0,-88007.86303424746
3433536,0,-2326.56802328816
2739127,0,-7506.642125795694
1396893,0,-6092.304784308902
2626452,0,-8064.390677105735
2412575,0,-3786.2924977527887
3780368,0,-42704.864748136904
2850004,0,-6761.04140142281
3076150,1,-4811.575384776028
3474533,0,-2369.0720711029194
641809,0,-8639.801193315257
2824802,1,-10118.4104794812
1898069,0,-5914.222744660909
3209365,1,-3480.912979414407
897869,0,-38972.15930352565
374559,0,-5467.441115711527
2985771,0,-88987.49160656538
2615110,0,-9237.159656463995
564590,0,-6759.65913711286
2523013,0,-5661.208212701622
1126035,0,-5222.5864770425505
896024,0,-38841.2566846784
2713146,0,-6570.45974667664
907338,0,-3762.468204829241
3472399,0,-5746.78701989416
1516903,0,-4233.706626283155
3907444,0,-42794.27174027638
2006089,1,-5155.076955473537
2842885,0,-5459.474719541463
3322957,1,-10769.385634860746
3357343,0,-5744.16140454063
3514761,1,-13585.629261150441
3490609,0,-8950.607076248722
1120660,0,-86668.44497513291
2739297,0,-85460.764348263
3158887,0,-8229.692902801497
3747121,0,-85547.98031946654
3950889,1,-9857.967295390577
3935105,0,-6721.704754124701
3409857,0,-5212.494252971249
3083733,1,-20259.653904384868
2840300,0,-3646.740008288113
2044543,0,-8327.176000821499
1756858,0,-42430.3814023203
3670622,0,-8164.314327045571
1092268,0,-85768.99698131022
2396750,0,-4473.264741687747
385473,0,-86743.38487287002
2283200,0,-4911.5032806856825
3101010,1,-26099.51277175175
1753448,1,-9483.537797457744
1747858,0,-44098.29225035742
2977961,0,-85872.8783891153
2454948,0,-48973.96346838365
3427548,1,-6343.919922755646
3790885,1,-7963.065243958413
380787,1,-7100.388871946492
2767222,0,-9094.724557005313
1349876,0,-38271.01042987816
2685274,0,-25782.734601446078
822053,0,-8043.89363139931
3149873,0,-87052.289679405
2046733,0,-7112.960311713718
2864592,1,-7741.135271205394
430316,0,-7826.510075295789
644579,0,-5563.3291190541995
3238067,0,-8004.449825831999
1052289,0,-3975.4981055991257
3312302,0,-4637.433861645802
1239253,0,-3032.0579799111138
742703,0,-4750.469499004029
2484567,1,-100814.1694265267
2887096,0,-87070.7380425862
657790,0,-7774.546301889315
1141814,1,-19528.73456306138
832754,0,-85374.46941744728
3091183,0,-87117.61246708795
2717871,0,-7694.88073632378
1835744,0,-3693.6196438777856
1754684,0,-6360.0963595190315
3284423,0,-7712.9462474159
1204570,1,-6489.66084985455
3738247,0,-5213.312721691729
715695,0,-4358.034133109157
1268948,1,-6580.597207100224
1367004,1,-8311.030398990659
751078,0,-5873.860982506966
1907272,0,-4652.516337629223
554250,0,-9970.628709174502
3419251,0,-7925.003420580839
1825897,1,-6130.703309966149
239926,0,-8200.057158113656
1001510,0,-6604.797506485342
3436883,0,-4393.19032311611
1707840,1,-7002.7522621911885
3513037,0,-3947.794738433519
3715227,0,-87494.67147457178
634547,0,-8941.711668977689
2557364,0,-9247.708612109049
1349191,0,-5935.334887354397
2997344,1,-7022.940004075235
556594,1,-8370.091410610192
1414888,0,-6536.514151393069
2570131,0,-5902.495339217036
2035128,0,-20255.56952574496
2504128,0,-7324.068627420755
2412649,0,-38541.891471780094
3661492,1,-25643.370602334602
3311983,0,-4316.908086135867
1214410,1,-49777.235446577346
476011,1,-5768.513140955549
2625066,1,-6760.246634902215
1437207,0,-7246.026863987804
598441,1,-22435.994917771342
1512984,0,-3091.437160043115
839467,0,-8159.94629601435
893477,0,-6976.742964146526
2775822,1,-13263.015175676232
1083059,0,-19021.68232041081
2741653,0,-8821.885548909098
1418225,0,-8284.10525248575
1443806,0,-4455.519058743038
3803501,0,-5497.497171170077
3330924,0,-86127.89650792084
1832195,0,-7005.114257796603
1742586,0,-7926.331448527746
1593643,0,-86747.35790231993
1460345,1,-7339.821626499063
1611508,1,-7041.4442946118825
400634,0,-13935.592475925208
1782523,0,-19315.55582176954
3227463,0,-2360.7871260891575
1032612,0,-3667.6595059560764
2204589,1,-3344.469374851308
1995168,1,-8453.132324662132
2801102,0,-5808.778650230495
480157,1,-6743.894668494007
1464582,0,-6436.799266871649
2511248,0,-6979.962540383749
2935952,0,-38279.65230539831
233602,0,-4945.296190533509
594084,0,-11734.705767492616
3013460,1,-6430.420462085979
890362,0,-9355.080730000524
2280397,1,-11243.091445450478
1837600,0,-3384.780762063382
2556033,0,-102246.4819023105
3774258,0,-6557.170033496863
970208,1,-10498.397111945736
913570,1,-9792.125008504103
2684854,0,-2909.0995873138236
1425946,0,-87564.44230300076
3810006,0,-5890.254223747721
406646,1,-6923.893371407991
2856410,1,-7106.444107460056
3927645,0,-3443.837004612385
3722287,0,-85928.27558155006
2717053,0,-38671.806665512704
3255599,0,-40642.56853763318
2232727,0,-85441.78386525367
3371597,0,-2736.234022525672
2639518,0,-6623.818089942913
1261731,0,-6456.281709470151
2989289,0,-4725.355062669048
3667440,0,-7128.1561945257
2844070,0,-102349.52489578427
3089311,1,-6473.937494253269
1861653,1,-5368.1317018485615
2980262,0,-86557.70327073407
2907387,0,-21487.139534032183
1977648,0,-5507.433547615625
428885,1,-8327.790820774771
3863089,0,-5022.386968341737
1367959,0,-87602.48109964983
2711206,0,-39858.753463775865
966826,0,-86576.23308355885
1041264,0,-3921.2791638318026
2780342,0,-3362.2920779088404
2511913,0,-4853.572299941322
1443049,0,-4147.036213219211
2744507,0,-6317.9217268616485
1774103,1,-13665.763971751127
1099805,0,-22924.94016215185
2230418,0,-6798.160494176259
2619047,0,-7573.9688729513555
3342678,0,-3508.2035458293917
2171144,0,-8279.22116982871
723502,0,-86451.098908304
3482136,0,-3633.995305461561
2232984,0,-6060.047816886163
2684159,0,-87010.02725902214
2484661,0,-2837.0102952752295
476944,1,-4837.055115813771
1274080,0,-5904.836005285295
228737,0,-6984.722191854236
3883394,1,-6981.703589213087
1698309,0,-5705.536783703944
2593387,0,-19301.81018483627
649170,0,-85936.00685895354
230565,0,-7338.84581466326
2014333,0,-4413.241592362862
612768,0,-18613.398914440026
320280,0,-19238.989338839077
3501897,0,-8357.08361103874
3749065,0,-10860.488649828358
3405184,0,-20766.064207165215
2234674,0,-7221.690484616965
2164494,0,-8923.278180149457
2991578,1,-5874.363915549862
1513036,0,-5095.213015114174
718565,1,-22398.219137331245
1355508,0,-8510.289774935756
2284075,1,-6471.681998871388
2502331,0,-13956.82156083469
1025273,0,-5476.797372100862
2939694,1,-12146.229456781386
3255295,0,-7838.423230589699
3426431,0,-10751.717281178016
701219,0,-7297.200152707665
1693241,1,-3069.7598383148697
1286130,0,-4850.903076898793
1699351,1,-5033.273790414283
2818005,1,-5587.102930450813
955819,0,-9763.405137583854
3774394,1,-5610.578822858167
1979430,0,-4507.827140722823
3326600,0,-5291.34305199061
922399,0,-5882.549063059305
2024107,0,-6978.1517529736575
1750154,1,-5401.22604338818
2034452,1,-6381.4358907542855
2206294,1,-5447.34788496239
2816705,0,-5339.541414741917
3098612,0,-85612.14294778509
1452216,0,-3564.4064011949154
2520273,1,-7623.268629683999
1837345,1,-8416.213401714598
316148,0,-3916.5877970524807
3476152,0,-8860.526605808067
3200855,0,-20722.399844914336
3130781,0,-5075.671973943472
2232911,0,-7912.653427130146
2530901,0,-3629.4188316784807
3697310,0,-9926.426128945453
344747,0,-10316.975955284819
2274653,1,-7210.736177912234
2392829,0,-5207.999561359205
1014282,0,-5238.621335332851
534993,1,-3441.41734189791
197492,1,-7571.601012589892
1383967,1,-15967.800968353755
2588847,1,-3152.517900947028
2043163,0,-102428.105378661
1851938,0,-9203.328756468709
3223321,0,-6041.3264282218015
1241009,0,-4452.046945817328
2005236,0,-6255.408091236629
690802,0,-4333.941286021746
478675,1,-11310.308031306406
893249,0,-7812.611593701417
2964971,0,-7695.791401005793
2418319,1,-5237.4144060907165
1949853,0,-4698.494892538193
1022846,0,-20418.09315450516
2901335,0,-6803.010388122967
3372274,0,-85972.3527597529
1469691,0,-3097.478638879697
2966817,0,-8206.812643113299
1611397,1,-10878.631527652598
2824728,0,-22191.337459878094
1150724,1,-5321.137215753808
3167709,0,-87269.72504012572
600338,0,-9772.909935405658
1482138,0,-7462.332967574541
2685675,0,-101300.54369456915
971440,1,-5337.413870828141
3504168,0,-7384.781855962123
1612765,1,-21201.66032339975
869791,1,-24587.079921398825
1007932,0,-39251.51400286195
374087,0,-4293.779406951908
1861832,0,-2846.863981114371
2677418,0,-102362.96909838308
1417589,0,-5356.813406204233
900861,1,-9003.041298327267
2605870,1,-5525.818358439015
1460811,0,-4141.892025384355
3863172,0,-6362.923305038052
739175,0,-14492.087396449662
1240557,1,-7059.697308026824
1088332,1,-20323.60464945708
3434644,1,-5504.939129454979
3775049,0,-46271.12385133165
3951240,1,-9855.27755414622
1156757,1,-24810.333806692408
2608090,1,-5129.369846527201
1495032,0,-5130.887684289676
3392854,0,-4679.404582731666
1713538,1,-20560.002207267356
2667320,0,-5633.571767983915
1988362,1,-6812.322072623356
579600,0,-6704.2707776068555
1632664,0,-4044.6171558121964
1021350,0,-88153.02657630546
1585201,0,-7027.019758824531
2133968,1,-5994.983598803907
432319,0,-102240.8294486359
2845990,0,-20492.32860304418
802350,0,-8431.694779944382
889231,0,-9906.407132351898
483176,1,-7575.34617295935
1018653,0,-4369.623469941258
1378209,1,-7804.610965916383
488060,0,-23747.39082108516
1001970,0,-7356.376307914218
2645048,0,-16617.689105825833
1116407,0,-9233.7573417827
1221752,0,-5698.686315742238
3096008,1,-6453.3938217331515
885772,0,-85981.02314460394
350526,1,-41415.59024208265
1163597,0,-5537.56626731127
401134,1,-20194.30157673236
1405443,1,-6975.242696370136
926071,0,-86195.06946326488
1583861,0,-88719.31066749168
1137116,1,-22220.004218621252
2471957,0,-8230.22566604041
2991602,0,-1694.9145673228847
2778994,0,-5655.233479993303
3073376,0,-6869.290405376367
1891567,0,-86078.00456432051
196562,0,-10321.800549096519
3270517,0,-5097.255536404531
2695784,1,-9220.002176293765
3288179,0,-38778.50017645795
1751606,0,-7518.389917050446
705960,0,-2889.3861498832384
3873575,0,-8950.30260442337
528542,1,-9032.885660893122
434099,1,-10910.793627960631
1989742,1,-6191.831298860534
620926,0,-5521.207593645991
1566765,1,-8781.177111270843
440600,1,-13756.615741690308
923896,0,-86126.05552823123
1724391,1,-5337.436389721158
3061445,1,-20108.128547645458
3669902,0,-87727.05611983094
933584,0,-7467.019396222373
2266623,0,-8243.748257350926
3661033,1,-1317.9112450557147
3466470,0,-3233.1982306086416
2789915,0,-2458.3391820170114
3400994,0,-85741.26753860997
1124261,0,-88949.87669839243
1101100,0,-4846.217968536703
2268783,0,-8831.484528117793
944137,0,-7086.056607014811
1762809,0,-4702.765450195131
1720141,0,-86761.06777754686
861034,0,-95206.97805054754
3677215,0,-7454.659551766192
1842886,0,-5931.607103961219
2237279,0,-5872.016152869344
1708416,0,-9349.889919089137
1885515,0,-5212.252306279302
1152513,0,-3757.149955135895
2933372,1,-53213.35547384157
1205892,0,-41076.77161646384
2669962,0,-86612.84284775997
1251015,1,-12480.620659692815
709582,0,-7397.875622821146
879157,0,-7865.365586338284
2801487,0,-22285.645709369513
2042281,0,-90192.5660626896
1430573,0,-87587.50607325134
2756681,0,-6138.540687402635
2831940,0,-6275.968761118868
922895,0,-86042.25461225086
3884444,0,-7425.111684982424
2118242,0,-7901.32516900685
1088034,1,-20677.590712079495
2733755,0,-4649.157312485987
3095100,0,-45810.46357338847
3945799,0,-2971.8498466333263
3150046,1,-6417.798974380906
2557775,1,-4815.2296112458325
1604860,0,-4628.168097484625
1790673,1,-3017.3198963339482
1384148,0,-8380.814404636783
3435355,0,-39219.38819507952
3265024,1,-5726.537101754829
1817540,0,-6625.099895390953
1630783,0,-11939.436903567585
3914417,1,-7308.270017878381
2534923,1,-5648.8042853696925
538637,0,-3471.4718274629126
2203755,0,-5787.391578323124
3172569,0,-3776.467499191415
1272717,0,-5625.927510931121
2941698,1,-83878.7028111821
2032651,0,-7035.117549321125
2992865,1,-8407.432853584389
3159881,1,-10696.306913880562
2938268,0,-10486.571132543779
673503,0,-7149.379649826563
2400623,0,-5597.91602300536
461740,0,-7399.2471410354565
3959135,0,-3418.3274622743947
1981797,0,-4634.627335307713
1148227,0,-5610.432333323539
1968076,1,-2956.391881356341
3398344,0,-85515.65053078868
2803943,0,-3950.5949570438506
2215598,1,-7838.04198898858
2995175,0,-6534.305101819463
1918226,0,-3103.19104411202
1431197,0,-4555.758188368993
1461538,0,-6387.567335593804
2017171,0,-40868.013003417764
1772939,0,-7241.1718920504745
500004,0,-5885.435988753824
3932734,1,-11139.316720356865
2906443,1,-68056.47439535157
3518175,0,-10087.678093744773
3005064,1,-7343.788020133033
2714814,0,-7152.742119260239
597652,1,-6681.2126300050095
2617635,0,-4230.68221166494
3231616,1,-10871.106731545186
1233131,0,-39494.737294892926
1126007,0,-6329.017681171006
1070108,0,-8770.729796677591
1246072,0,-3636.2110095177354
326594,0,-19170.985772007614
1244790,0,-2041.2215574247664
912063,0,-7318.02990385521
3085603,0,-41060.062308161185
2815104,1,-6833.799473366616
1237901,0,-7481.246394580741
812589,1,-8690.128970582055
1249599,0,-3317.652090501904
3372392,0,-2954.215636615649
1246849,0,-4777.578924028279
3764938,0,-8271.803145570018
3773286,0,-49658.20654335382
2639124,1,-85074.07643597899
1349641,0,-6092.7056919844945
2629757,1,-9628.533512634025
3718388,0,-9865.725597963248
1703656,0,-3993.4704950089576
1731464,0,-23969.14356864061
657751,0,-5856.286230917846
390751,1,-9818.671741834783
2822237,0,-2915.1681226904816
928915,0,-46010.00247092071
1459597,0,-6979.553149833667
557014,0,-5782.878981659091
889102,0,-5012.050851039541
3418657,0,-87711.88189283691
2707835,1,-10940.685209410733
3218528,0,-1451.0695421859148
1152064,0,-4933.305439142466
893160,0,-37959.988310446075
1900980,0,-22478.29783862614
476431,1,-17490.788390317368
1498071,0,-11237.150201662995
2731284,0,-23737.680156705923
2201098,1,-12452.958362209622
1234179,0,-12202.783285038864
1480248,0,-4705.373627821737
891158,0,-86409.42520824767
654445,0,-5309.393102942337
1516985,0,-85997.75678687301
2460728,0,-85653.68186500989
3095133,1,-5307.587485022456
1880001,0,-88212.957837521
3065252,0,-88540.37483507625
1445064,0,-8521.170645129692
3934016,0,-7327.628032229835
1110927,0,-42291.65314375254
2670298,0,-3858.0424913155966
1083342,1,-7462.619572522942
3397585,0,-4698.851861140348
2283398,0,-5109.225264305317
3366066,0,-7021.905404112189
977515,0,-18736.25011912834
1442843,0,-6898.961174095877
2221030,0,-87993.18269176249
2990612,0,-7788.4128287331
1815390,0,-86184.40319934225
3271769,0,-8355.665202833303
2704434,0,-5904.922933952945
2739035,0,-5873.463847089624
982616,0,-3140.662093022809
2694648,1,-7268.530854461678
3855763,0,-85591.36688681986
3242326,0,-2744.6093092936403
1170372,0,-2863.3812569372267
1725516,1,-14079.604567385215
1223603,0,-5783.830539087115
3079476,1,-5957.930858061818
1729506,0,-89074.03664435039
2264935,1,-7602.625424747957
1592638,1,-6731.850824584426
829149,0,-88714.69541380089
384191,0,-6800.294403018955
2403226,0,-9200.920339870827
904809,0,-2830.0606537231465
3541507,0,-5164.065120371232
3548693,0,-102303.03244201528
1988523,0,-87694.09896073739
1592098,0,-6921.140787081688
1353185,0,-8908.925026569506
2035938,0,-88081.47891154852
862799,0,-3811.1605972536286
2733807,0,-2976.490271122229
3714107,0,-87732.30187414042
2600349,1,-87442.57751909338
3788238,0,-40623.64884455632
1279242,0,-6945.223614956439
2714253,0,-5059.904327372009
1539872,1,-5497.477599031687
2424887,1,-5197.743962248928
3789794,1,-7498.984317878692
3227957,0,-42219.452668326456
3706333,0,-7108.788927877939
3694272,1,-14206.39759914589
2432715,0,-88146.56825094804
3953380,1,-5618.107724138353
2805236,0,-6330.127614014364
2406722,1,-86340.17443831077
3268779,0,-7007.087851899587
2707274,0,-4992.436720206324
2711106,0,-86852.07920756639
1900848,0,-5356.978905297921
3213834,0,-6461.094642492587
2133408,1,-4405.819430752495
2660497,1,-5164.688309560567
2941797,0,-3996.1789724585606
542289,1,-7498.558240536709
2637177,0,-11920.294289449965
2614207,0,-2717.073879962356
3858825,0,-8681.484858127664
2218675,1,-10395.555915589039
2562788,0,-4731.714130468651
3779657,1,-5997.309842239906
594288,1,-13581.859597353763
1111415,0,-102362.82247684425
2627377,0,-85187.89595972032
1202946,0,-5540.118223310145
1661215,0,-85692.9858698993
1767954,0,-6286.1869489242445
3896671,1,-10794.024057313676
2757812,0,-7241.60812055688
3747100,0,-40050.41168727448
3085856,1,-13042.408905217644
2045780,0,-7791.987720510891
1823038,0,-5511.8961726043735
3432332,1,-15139.67566077564
227228,1,-18662.200540198068
2753612,0,-9862.352329046887
1023384,0,-54196.72788131086
1858580,1,-7367.596336974103
1134658,1,-4442.499194254775
1324462,0,-6029.080437248775
1167751,1,-5075.219585371622
1579920,1,-6401.438715896697
2680327,0,-7212.120678998268
536565,0,-3487.7143049248175
694274,1,-6360.742485263561
1305639,1,-5272.613942058453
2888470,1,-1705.1375961089611
3309293,0,-43704.83197044598
1554212,0,-86063.10167373183
1526713,0,-3526.6809308913043
1211447,0,-6748.2101673470215
1557955,1,-7171.502986232009
3106656,0,-6343.1916563540135
1693499,0,-11699.403570556551
1122100,0,-9456.108775815486
1763874,0,-8049.531613104082
2452831,1,-5341.093150735337
3204511,0,-87945.65919859757
1337869,0,-4738.0377510788485
1962079,0,-3177.24092920844
1311213,1,-12131.610115949752
820526,0,-8163.61550584516
2575834,0,-9496.156531996825
399206,1,-7232.531313838951
2568392,0,-6626.566642886173
631947,1,-6388.999886304812
2545715,1,-7904.9135126407145
531871,1,-5197.243880226564
813676,0,-39902.75276752308
3143249,0,-85803.35273839996
260772,0,-8137.448310238142
2819918,1,-10769.014733834128
2646346,0,-4512.268031820469
920981,1,-11684.025940972213
2894786,0,-16668.915389399586
3198725,0,-5998.4639139184965
2018793,1,-7876.932716290252
1256755,0,-3486.9605351297932
372101,0,-4318.086866119403
3199638,0,-5609.909092870854
2127938,1,-9289.170530111778
682264,0,-21234.489307696527
990434,1,-3969.835650251995
3069421,1,-8773.058303438736
1223364,0,-5926.949697706031
3143056,0,-4844.256066899122
3370166,0,-3400.8518856612454
2014061,0,-86322.45818850199
1208422,0,-6667.820770316857
1348002,1,-8259.844676222281
2929011,0,-1753.2111260576712
897997,0,-3835.0289305481238
1909969,0,-86146.936010105
3324425,0,-5783.143689682808
3945487,0,-10734.950036416047
3874282,0,-9334.157491892263
1727615,0,-89904.81089434892
3045046,0,-85447.38207155855
2980720,0,-42426.29319941052
1664819,1,-5669.598905615965
3109250,0,-4871.251520492674
3224586,0,-3053.405335502681
1316764,0,-5894.284085952706
2218107,0,-6419.4185844220865
1046418,0,-22537.288918176433
1961123,0,-22078.67763348825
2057455,0,-85874.43986419607
859159,1,-8509.479331066386
2143736,0,-2516.425719990796
696280,1,-7002.565189282283
3301817,0,-87675.8341192417
451298,0,-6382.948815613817
2483097,0,-3708.434348710346
696953,0,-8340.938061053086
2552592,0,-5438.415682752724
2264362,0,-9927.18026364674
2637473,0,-87023.13103564385
2140388,1,-4998.297650858378
261321,1,-8266.26083559733
2690593,1,-20172.899671163425
2657930,0,-2405.8197721747606
3908516,0,-8902.732154193975
3102726,0,-7191.394558241771
2486234,0,-3907.860966525306
3724403,0,-9627.567794335891
1687732,0,-9530.687826547772
3923386,1,-12640.280700178862
1591476,0,-9116.746678825217
893046,1,-3918.339355796214
2107051,0,-4007.6438452205925
2885338,1,-41749.29615514389
3495364,1,-3240.3392269809547
281917,1,-10563.214237648312
1289402,0,-4883.277706140401
2766735,0,-8617.541738164804
900036,0,-91149.487118436
2403498,0,-85939.39370405528
3218253,0,-8304.513381881787
1440961,0,-42384.826658465616
1578332,1,-5062.831941794442
271262,0,-3931.7173175614535
3938709,1,-15321.293407599547
761413,0,-4903.246961307734
200809,0,-10592.552494744687
1331307,0,-8812.112800339468
1508826,0,-7354.882612694159
1374174,0,-7832.960027466279
3900135,0,-43754.42049997864
2151058,0,-6626.45171304426
1613273,0,-3401.827294178794
2621235,0,-5780.730658113449
305353,1,-10959.810176565225
1459009,0,-88988.76994648101
3799035,0,-88208.76373942781
2180743,0,-42206.301970536435
3893522,0,-3025.199962938291
194527,0,-87538.83101663514
1990179,0,-7576.354939273306
1531869,1,-7597.494452070098
899302,0,-3614.5836932457505
3269287,1,-6346.4023046916145
3230481,0,-39498.7726269983
3434824,0,-7268.917178526
243302,1,-4546.558557464887
3675319,0,-88023.75970415228
1253493,0,-6334.492618640928
658761,0,-6328.481815090323
2393193,0,-86582.86486365477
2695799,1,-22523.726742948562
3257835,0,-6163.669895911184
997712,0,-6270.722447698853
3003808,0,-6593.279721469025
3410432,0,-9771.00016440795
363571,0,-4317.823555081361
3152570,0,-7136.359711284782
2725221,0,-1993.8204754648611
1549861,0,-7191.197345759323
2612686,0,-8102.233529695439
1244500,0,-8704.845798618438
2143302,0,-41542.757656344045
558341,0,-4472.928752007259
3779507,0,-40129.872373847575
1710780,0,-8585.330630008602
2480214,1,-15041.772862960195
825615,1,-7639.300813161981
2616888,1,-100956.88684320696
2867567,1,-5301.770671988192
2638584,0,-6664.780769868474
3909098,0,-42811.98354735585
734446,1,-4653.024659910961
2733786,0,-6157.208009115701
2113423,1,-6167.258552949812
3500903,0,-6879.592025419575
3064436,1,-10772.500503428495
3281025,0,-4883.530932669976
3069670,1,-6670.623918490581
2568634,0,-5157.49192236718
3744515,0,-41935.90563505769
1399299,0,-5102.245183540428
3359949,0,-42595.243124949586
1211986,0,-2434.700332080155
1535859,0,-3083.9650781852297
1544286,0,-87001.88062044662
3111601,0,-4420.875794900356
1491019,0,-3918.664792515597
2699724,0,-6511.540144579998
3436109,0,-87961.94037936372
3948135,0,-85968.68035599861
3363367,1,-5476.560148566849
3508375,0,-6296.431374649626
3425655,0,-41852.97678275236
2967534,0,-86808.90008683642
300772,0,-9227.377373390365
1664522,0,-8005.804401243004
262626,0,-5830.765331792135
210543,0,-7671.85764536613
2441356,0,-88284.7361759696
2800709,0,-2941.095951021165
3134373,0,-10075.423640382478
3192657,0,-87552.96356293261
1991868,1,-84793.22813195652
2731330,0,-6699.938875925587
2635276,1,-85431.06633887699
610320,1,-5334.8871243273215
2025201,1,-5657.330528251423
3767918,0,-39353.31459560502
894266,0,-9051.53815294809
2029382,0,-8707.00106002256
3526552,0,-2184.171667664777
3764303,0,-40821.601728937145
2139252,0,-10658.314909310215
269261,0,-6649.54321749535
3272166,0,-85762.96517108918
2962728,0,-2104.977371987297
811119,0,-59665.03862855401
1485689,0,-9538.347149659794
2017141,0,-18890.551085880375
2668770,0,-18507.25315253284
914760,0,-9428.508948000592
2155266,0,-90527.32512314786
3471246,0,-4407.894149348347
3851377,0,-6771.936213940014
3696773,0,-1892.2278823838078
592831,0,-5616.929357992896
1763948,0,-8603.17823821556
1097591,0,-10818.000703992968
2616092,0,-5334.457372191475
3770319,0,-7562.930448596981
2007679,1,-13971.79145018018
3270864,0,-8795.344247075598
381921,0,-6985.775093510567
1436881,1,-10234.820448276738
3017380,1,-5672.551677147471
3365118,0,-3205.868747976434
2115014,0,-5387.6507152009135
2791767,1,-9707.914468274403
226103,1,-8202.907271244783
1701673,1,-23209.437027432818
3348004,0,-4146.49101022822
3666917,0,-40700.96938981973
3105775,1,-10334.577670704846
1316102,0,-9379.858411714582
1367227,0,-7679.358705505592
389744,1,-7010.133023502332
701719,0,-5067.323272770929
1767957,0,-25401.32192079382
3399630,0,-4925.113907477818
394695,1,-10128.765591901587
2122404,0,-2912.072412231516
1078073,0,-3609.206158706775
3411117,0,-5849.3224347280175
1702151,0,-7130.90052123749
2970804,0,-85321.4708851227
2458295,0,-7741.517474554232
2242329,0,-5423.957025193128
1628401,0,-87438.6983774824
2221317,0,-10900.086763201185
1676616,0,-20642.620229221167
2477731,0,-6614.548283738607
3252490,0,-3284.9124746203456
2582446,0,-6526.121437604333
977844,1,-11172.584813471874
971697,0,-5259.285914546921
2837825,0,-5286.696632987469
403234,1,-10205.844470708798
3897004,0,-41923.93442389715
2260680,0,-42340.764413717574
2250179,0,-8934.577909971322
3530046,0,-13109.726040403575
608417,0,-38942.22233866774
2286413,0,-46479.55845910043
2123639,1,-3569.2798766947267
1770342,0,-10354.871330554552
2448661,0,-8439.25385855605
1980480,1,-8589.49139625901
1531405,0,-2564.2136212669016
1013235,0,-8843.220272295075
3259173,0,-86847.50230743401
1147420,1,-86721.62486057404
3036563,0,-5409.884277021475
579710,1,-10028.848800679249
264349,1,-10428.29030820522
2593959,0,-7404.4689299519605
2981977,0,-4548.208319654249
1471070,0,-3500.4795317921075
1873926,1,-20831.658165585024
756931,0,-4659.263056966565
873586,0,-85629.19525780556
1869881,0,-6547.587446922279
3891248,0,-10393.048784046638
2458892,0,-87225.01372454915
245389,0,-7080.169356028516
2471780,0,-10765.467658160575
2824731,0,-11129.715442693725
1495696,0,-5736.47591013707
250936,1,-8473.76363632448
2748284,0,-6376.317182700142
2874378,0,-9654.3985272731
3887948,0,-4166.169546780649
2170229,0,-90517.5936251119
1071507,0,-1547.7776511755658
1542303,0,-5433.416669305033
2560191,0,-5571.4731107541165
3431601,0,-7606.306516386183
3729512,0,-5237.402949507094
867583,0,-37695.585267512404
3240643,0,-4527.894490741549
3753761,1,-7944.235972612262
3329367,0,-86146.49142532666
1041972,0,-10728.81955663789
1417864,0,-43954.78178822235
1147572,0,-7657.461896534624
3084324,1,-9482.841906600792
1820644,0,-2396.364376357798
492530,0,-10011.605981659512
2649972,0,-6612.723231805068
743701,0,-24421.366340461715
1123707,0,-56301.55673497186
3727800,0,-40886.480694502294
2566250,0,-7080.080458223446
1813034,0,-14643.345646342943
1123519,0,-4144.426247923769
2623337,0,-39205.211408566785
1446299,0,-6791.072054677698
1169203,1,-4533.529877796196
1291214,1,-5641.7521164752625
469421,1,-9250.388717043941
578531,1,-9558.381989957661
513702,0,-6658.788409393847
3086233,0,-41737.77680650891
3768341,0,-37800.687967056525
1517323,0,-3279.1388525506845
2763115,0,-5896.322221341258
3539877,0,-87119.52186107215
711546,0,-8456.98805115979
1406964,0,-6375.195032426519
2122117,0,-102425.3986468931
3208119,0,-4805.752892283329
3797537,0,-9147.85211999769
1957446,0,-38325.55893119943
2641254,0,-6773.3978831331915
1001601,1,-6892.2672136789315
1647437,0,-2325.4716085801547
453171,0,-5806.384616694566
887623,0,-8590.711160650055
3043626,0,-86369.97039211371
873507,0,-4116.262232904082
714076,1,-8386.133958392325
250298,0,-19850.186615213817
724728,0,-8849.824837565893
2452252,0,-11263.753232243911
3380199,0,-6277.465576427101
2983216,0,-3797.1547007799277
1735467,0,-86920.9032034671
511397,0,-18936.526362162527
3923582,0,-8127.952426730627
1023250,0,-11528.117592082272
1734625,0,-8118.811308605075
2633538,1,-10940.550822277444
3369904,0,-9608.313638435253
843232,0,-20013.247773249837
481026,0,-5953.269592193348
3271027,0,-5629.369274582868
2966990,0,-9098.176263335748
617164,0,-8645.963364476245
1886102,0,-5023.457308716988
2053030,0,-102384.9008292111
3022359,0,-3858.7308102101006
1508106,0,-6265.7368428508
1315439,1,-4628.142351941252
1085121,1,-7954.306537322282
2923544,0,-7162.314606207004
3250714,0,-4576.588019815667
2704673,0,-3322.2678232299963
1454367,0,-4095.898976118343
2748665,0,-9481.978116688924
2994671,1,-13518.511250669788
3374557,0,-3416.6920902389948
337132,0,-7016.254524637075
569933,0,-86335.49043979918
424240,0,-8237.100426789697
2444349,1,-11670.48788959182
348091,0,-3302.1952784499676
2396208,0,-5713.902462243198
3780770,0,-39415.104411109634
1943440,0,-7402.296637154538
587509,0,-2816.8312939381335
3909306,0,-97264.59554584717
3171931,0,-86219.67298757407
1064275,0,-4210.440728610619
1955961,1,-23749.181706509356
2552955,1,-7811.678073034974
2011758,0,-4663.656272934239
242633,0,-5136.749470614616
2564382,1,-5197.77065752603
2694726,0,-3598.3881574359784
302548,0,-9587.119101174985
3223905,0,-91284.89707224307
2994422,0,-4372.929996441683
1834689,0,-12628.48741197913
900102,0,-3791.2143683106005
2921392,0,-2342.4250968377487
1054518,1,-7853.704939356912
1304285,0,-5613.320698568322
2820403,0,-8125.513724661249
1810784,0,-9114.566771393067
2436611,1,-4737.420421275228
3376279,1,-5873.9003605942535
567332,0,-5555.848581080057
2456825,0,-88712.95747742109
1140929,0,-42563.91837429484
1321027,1,-9858.60277850239
3319894,1,-5249.487204807101
585508,1,-7968.412449897684
1023348,1,-9453.856094621788
1979317,0,-5648.583301126984
2192453,0,-4563.168628853379
2495730,0,-8715.227959881222
1590768,0,-8305.353011456999
537748,0,-3201.986038317345
1108236,0,-85877.55031382065
3440884,1,-13143.693836392496
1202832,1,-4976.735108431738
421330,0,-8546.867721255314
493917,0,-85657.98237977762
1766109,0,-43905.53054704071
614317,0,-6881.603567565649
3453076,0,-9621.049248307536
2400593,0,-4395.400354204519
669617,1,-11452.86197569618
3496993,0,-87070.62035997587
3918502,0,-85825.84822102862
3547994,0,-5998.693208800807
3532920,0,-6133.4403861262745
419908,0,-5919.952469402482
1245011,0,-5202.159954105248
535945,0,-4579.518950638522
858707,0,-20308.343396589757
2021510,0,-6625.629327913974
2548061,0,-3854.608386494367
3112150,0,-13193.137589583846
817330,0,-5513.087238831391
2055700,0,-10870.005519774391
1629180,0,-5910.441932665819
2620554,1,-2990.6371393112113
3921450,0,-7487.8611961517845
3737544,0,-7267.502945738119
2459462,0,-88954.84222129735
1421603,0,-5463.527612767202
813475,0,-8484.948315522486
275133,0,-9080.031233889411
916567,0,-22365.585447944202
931484,0,-8191.873395238821
1463729,0,-87370.13002894701
3220315,0,-7018.343186837822
2825231,0,-9398.853068424114
1787427,0,-1816.7629218025647
2532080,0,-4281.817826093152
3212897,0,-44816.94583436802
1544153,1,-6512.307237533389
594825,0,-4488.124614981212
2489639,0,-5795.298161402575
858238,0,-3065.731331930737
2833018,0,-86045.9140810241
3912383,1,-7095.830085364414
2674779,1,-8903.707995904524
287766,1,-5157.991083753934
2184590,0,-6288.669007877244
3486507,1,-6150.829129309421
1203609,0,-89090.04370376856
2025090,0,-6096.802397073165
2748416,1,-5797.374657468734
3522341,1,-8285.672260817093
1867675,0,-4413.1784701824945
946281,0,-4348.919929592498
1121027,0,-2227.9592939429235
2706205,0,-21265.61372174104
3017775,0,-9325.58053194779
3418441,0,-4821.073620708009
1535253,0,-85435.53763216914
1500715,0,-87562.64008528256
2493490,0,-4628.186710913786
3442326,0,-40333.39797415037
2522487,0,-9192.736311888782
1918161,0,-5831.399340746411
3657040,0,-3645.4903888461977
1463053,0,-7177.830374147375
912006,0,-44683.604240088316
3508431,0,-4864.137883168287
1619473,0,-4795.96773516342
1619581,0,-5340.184378760998
1074997,0,-85463.2343968977
1938202,0,-6867.3551408555995
3768898,0,-9108.502474662135
3476485,1,-10837.383627804265
426436,1,-3026.837271856368
3759692,0,-6820.978594452917
357079,1,-24111.13497544343
3015267,0,-10221.325326960186
372924,0,-5438.309002965301
2981921,0,-87722.72748748434
1437004,1,-10907.476746229635
3132999,0,-86196.74820927644
2810869,1,-8014.3692871755275
1633704,0,-2976.350846960746
669245,0,-8279.477210706866
2126395,1,-6551.299680577853
3500303,0,-6089.261529084213
2766590,0,-5217.498543758805
242826,0,-6428.9343988480805
2540280,0,-40445.813765839725
998082,1,-6448.725752711212
2278600,1,-6847.954029115927
2205605,0,-22411.785664645995
636220,0,-3608.517207172381
1983310,0,-4867.047657461032
676493,0,-8491.56362331877
2494047,0,-87888.00637470263
821190,0,-4304.484315205803
3115554,0,-7256.58793323471
513436,1,-23589.10213147171
3866812,0,-86734.54295773475
1825559,1,-22100.794826363814
2746757,0,-8955.188153677433
1586560,1,-7112.896477923629
3175650,0,-8264.808687730974
3458726,0,-5107.238151754305
1967008,0,-4203.04445099143
970691,0,-44762.156356784864
2173077,1,-7264.293282936565
1088983,0,-39922.408255401555
1492574,1,-9836.223014278625
2733030,1,-6664.317250421227
723172,0,-10788.84673567843
1365219,0,-11175.567677921948
2695507,0,-7667.486894191409
336284,1,-5432.544872791803
753462,0,-7924.250448305786
527522,0,-5498.22710763525
906339,0,-8637.957041974307
3209742,0,-6369.748347677782
856093,0,-57376.4970661064
2627084,1,-18513.531615752203
580949,0,-7810.177803572924
202920,0,-7499.651136688818
2144007,1,-10949.908005723715
1582083,0,-85694.09887281113
2997520,0,-90129.579507656
2046736,0,-42517.18540050054
881485,0,-7550.220590107406
3679232,0,-5203.706602694827
3780107,0,-5500.956979625122
2428899,0,-89260.19125092855
2944243,1,-6589.837659917184
3699414,0,-42386.62271326081
201284,0,-7592.15898114321
3713015,1,-9699.6567811307
1465356,0,-4936.099639660347
3254330,0,-8301.286759460356
2770155,0,-86136.39777813472
934768,1,-7564.907937654002
3453644,0,-1910.7564040676516
3837896,1,-5943.762675112933
2104535,1,-5903.849739572074
3888571,0,-5382.843341797394
1047668,1,-16717.66352363302
1237410,0,-4584.950649080592
1816477,0,-21285.00456563151
1684765,1,-50936.72072576242
3851634,0,-86015.87672689497
3210723,1,-5104.851645614059
2823574,0,-4336.692974870743
2865865,1,-7289.717109925284
1332811,0,-5829.781781310247
1233840,0,-6270.895999897506
3532292,0,-42825.57751561405
1360493,0,-5393.413072999878
1533436,0,-19841.16270674287
3675189,0,-55463.648783760764
1484581,0,-4477.87405987738
2016924,1,-11599.228149505978
2016039,0,-6666.8108295853335
3165920,0,-40164.6555503416
1253873,0,-6337.61039388101
2766918,0,-6609.108413212103
2970864,0,-8930.426550005974
1571367,0,-4598.282694474075
1335500,0,-9186.24630138468
2436001,0,-6854.189711262877
1102190,1,-39921.98995889559
1316118,0,-5161.03941538311
3528918,0,-3423.807072268527
290330,0,-5788.692770563126
3943247,0,-6780.584002985354
1248443,0,-2625.1426133203954
2806885,0,-2983.555248930395
1552707,0,-3119.7616564190657
1206025,0,-9908.877662399396
3348594,0,-9238.872142451437
603800,0,-24649.714489432434
992605,1,-38363.3719541618
2739674,0,-5497.214840074308
2003911,0,-5456.416202177685
1302275,0,-19821.025551986102
3213891,0,-7811.572565926179
3199261,0,-4347.460546383447
2898691,0,-3738.339011358071
1315171,1,-7641.682389448268
1294000,1,-9406.457490264696
726154,0,-4803.203716569986
1111179,0,-5752.746897380079
2489233,0,-7704.227689268979
1417316,0,-5715.356271495538
1956765,1,-8172.890606658221
493407,0,-85082.8256785129
2174990,1,-6399.349898194413
1228501,0,-5650.98089462435
1777027,0,-6819.0847831947885
2541199,0,-9438.899041261853
271671,0,-7252.983342077048
3454088,0,-6220.536836174804
3227696,0,-86148.23456809405
3959368,1,-9055.246154925897
559574,1,-9970.85413773627
2398463,0,-4935.093777203042
617097,0,-4481.083491157828
2673428,0,-4139.734090735519
725933,1,-6748.875012579964
704723,0,-5740.616189088633
1104328,0,-19342.57642483009
3231077,0,-6934.642174594962
1889488,0,-7593.210011660877
3138975,0,-6969.101554115736
235252,1,-6563.988066044355
1616216,0,-3855.0475058411143
2468708,0,-7960.663907989743
1712742,0,-4315.8219226746005
1160962,0,-3815.968576598037
1219422,1,-6013.320311525656
597831,0,-4473.573416573596
3469143,1,-9397.830528319355
2547561,0,-41383.37445042719
1721840,0,-6363.475203199104
2263742,0,-4297.43822046843
2707959,0,-86612.05794673186
1071065,1,-7907.756720021489
2829526,0,-9401.540887651092
1574858,0,-2157.320821144902
1407114,1,-12617.28740106498
1002571,0,-7034.805175899125
1716979,0,-5319.373297121786
750224,0,-88707.08892914723
2812526,0,-6908.687844904196
2146735,0,-6440.717817423371
1767190,1,-8518.58565292548
2518103,1,-9075.45031547671
2493305,0,-6053.864753193267
2198504,0,-43578.47592933912
2566414,0,-85713.54394733808
3097668,0,-13246.675666320774
1505487,0,-9186.183401053446
2590996,0,-24362.824157717336
2188702,0,-86800.52437469304
2447698,0,-20808.847686691268
3072569,1,-5406.2559901618815
358268,0,-10299.747771045362
2797083,0,-91773.57708857908
3766201,0,-5501.4130172068135
3160250,0,-16447.616634174872
3117432,0,-39226.84179705418
291993,1,-6490.111884686153
2037823,0,-5639.581246030179
2881730,0,-4689.348307924625
3801516,0,-38591.12291967237
1550886,1,-9184.316572672678
2042976,0,-55291.36809618086
1209527,0,-4252.827484472462
2559923,0,-6427.292011514876
435792,0,-41703.43470544624
3039386,0,-4641.382741405188
715515,1,-14889.290135850662
3454453,0,-85299.44305137491
471198,1,-8115.238974583436
1612558,0,-3444.5037021719363
397313,0,-86498.98432127979
1143361,1,-3029.803117412454
2730713,0,-86805.83224553331
1278239,1,-85382.83509208172
1378297,0,-5733.471299416922
965756,0,-13560.044603526281
538121,1,-8145.991555500612
3809662,1,-13563.72319402245
3679464,0,-4655.561326009563
3541801,0,-11251.09902747221
1000438,0,-6765.513188548138
623872,0,-88039.24161940636
1249547,0,-4353.848743254238
389484,0,-7609.352686565615
3540368,0,-9022.594831855891
2803851,0,-3956.114206550351
2043933,0,-6480.57083155084
2695600,1,-4895.235487085537
1661007,0,-12262.363009038396
1483470,0,-89392.52748167927
635682,1,-7561.543310255733
1204905,0,-87329.40122483495
2747720,1,-7207.789291084167
2500841,0,-7309.097383486555
1470768,0,-8396.285870073978
2567847,1,-5079.577987277726
1463412,0,-6327.689469576562
2782045,1,-8704.021951147295
3203585,1,-3069.773610293948
961551,1,-3304.148337789989
3270162,0,-87263.94196442187
1364786,0,-9101.796528230236
2594857,0,-88957.19509897566
2510532,0,-6531.95153636104
3278573,0,-7653.158995287148
418422,0,-8508.319838860883
3719693,1,-29404.872581937787
1245222,0,-88050.36966985997
1366046,0,-5339.618629450906
1259566,1,-7018.842743765816
1792504,1,-25955.18659217469
2938548,1,-52154.463798149016
642139,0,-20783.13018864264
3792326,0,-3774.6657850956385
1203008,0,-85497.10067234682
3516777,0,-5895.666198088389
410034,0,-11160.635599065623
2938544,0,-20472.43119803152
1563399,0,-95872.46826897748
1726256,0,-4770.942443463604
193215,0,-4680.215684010325
3455404,0,-43275.12376208985
1983285,1,-9521.387036530092
2254428,0,-8382.800321843895
3752250,0,-3441.2976339938177
2136418,1,-19355.435854076513
827101,0,-5398.54000598289
3019968,0,-8122.801899213348
1329920,0,-3954.811061461208
981789,1,-7846.605569795337
2596430,1,-9374.813233152663
2603945,0,-7928.150629789013
2853918,0,-87033.16845862393
3794162,1,-1993.6766502148962
1120755,0,-6316.676911600092
757812,0,-6816.252794414502
2996696,0,-5598.0589079021665
1981552,0,-4104.467691117006
2982043,0,-9116.997177343024
335142,1,-1901.9253595960329
1822467,0,-3687.505158525017
1370387,1,-9907.50639594246
485096,0,-1579.7105998493653
3735623,0,-43023.2071128553
2136174,0,-87654.90920355983
2760177,1,-4340.3611338957835
1015917,0,-5619.836367492336
3488818,0,-41854.87750120643
2653402,0,-6690.082256386466
1750359,1,-19956.86245349772
3332586,0,-5480.52159816239
363773,1,-12171.347896349987
1629364,0,-6192.242982386326
1067686,1,-3200.8132428186896
3688542,0,-102379.14276591633
908106,0,-10690.66255411913
359146,0,-7692.439608347993
1810911,0,-87126.60477518188
3707675,1,-2743.2342594993047
1229935,0,-5639.5456410232155
3880003,0,-3422.9373627673695
2754301,1,-9469.545533029253
2122306,0,-3436.3758491241833
1369061,0,-7172.795436483826
3073039,0,-4298.884938379375
3421488,0,-3006.815966385796
963825,1,-6429.413328900706
612547,1,-7307.015235452537
370723,0,-9832.402079732492
1492276,0,-4091.7616504245193
3083129,0,-6022.6085007570755
3908536,0,-86541.54282938702
1238540,0,-41793.303748898456
3839126,0,-10835.732522516982
3877285,0,-7666.282482159777
1116022,1,-18799.293295519812
3741358,0,-88003.23018085292
513737,0,-10587.559200584126
2898904,0,-40837.95797295762
3119399,0,-7532.578680134826
2670364,0,-5765.1323069279115
3809504,0,-8569.643176861493
2037225,0,-5110.461327563705
513667,0,-102379.37338602981
1815005,0,-4313.527203210142
1878711,1,-6689.919476208494
350004,0,-90776.61336985056
1816799,0,-5697.096860625922
932822,0,-7067.968328760325
842544,0,-43950.4615951476
309122,0,-5599.17378312228
2617999,0,-6294.212668693564
2035829,1,-9298.379589596823
633336,0,-6123.959919497076
1295377,0,-88435.15749822867
3914625,0,-7507.43328074685
2746614,0,-6146.116014649503
1044403,0,-20300.339708318974
279179,0,-6451.687709931724
3122722,0,-11691.79549011309
986848,0,-85586.59792703946
837262,1,-11931.070996803168
456233,0,-7225.0556873961605
371759,1,-5207.477404770735
1440483,1,-10466.389648733948
1391328,0,-88207.4485950781
2232027,0,-43567.17313766332
2443241,0,-89110.81201435506
2159280,0,-4673.066994973147
3149848,0,-88037.93074478423
3048676,1,-12442.492698359076
225373,0,-7008.266397936518
3465803,0,-7578.467262810683
1453602,0,-4456.6132809235705
1987601,1,-3241.8725874031998
1380944,0,-5607.981466397203
2530493,0,-3396.102138432229
1339149,0,-10215.366589289708
1037737,0,-2168.089334204956
2487876,1,-5829.785189423654
2019333,1,-12399.659711104798
1733577,0,-10383.947070765746
1322320,1,-3093.161669613067
2751406,0,-7079.793832239553
2945997,0,-2145.179562349936
1676336,0,-3853.9758248742805
3377830,1,-6678.77204479206
214657,0,-6300.726567208199
2508178,1,-11258.714307433536
625273,1,-100875.7493158303
2815184,0,-4079.1130647386376
1082335,0,-18885.599801638607
3843796,0,-9783.538825314286
943562,0,-6745.139477738597
2522771,0,-2830.533901659463
3260485,0,-3802.9166408855945
2214733,0,-43615.95260309425
2206313,0,-42045.455119054175
3145029,0,-4626.7710163124375
1712454,0,-22566.0844450889
329241,1,-6350.656022276116
274549,0,-4978.811892300721
734774,0,-3594.665763020453
3391754,0,-6401.411140951332
2482310,0,-3374.126520112598
1101962,0,-20873.885681011077
1457423,0,-85999.51317086758
708017,0,-8004.306491946808
3347887,0,-6559.957407418451
3840366,0,-8573.287611386819
1145627,0,-7057.420055835551
3712797,0,-5639.9888842100745
1743399,1,-887.4214315739988
1262384,1,-5873.5912610657
3868176,0,-8690.279397840088
968286,0,-47053.19832795623
2874648,1,-66704.37280679305
3432912,0,-4543.235443692725
1973155,0,-9561.938083355619
492950,0,-5790.448558582332
360947,0,-3792.8322164600254
2915385,1,-8915.27454808804
3357547,0,-14430.163237710776
1014869,1,-4830.861567489457
2743499,0,-86823.0171475433
202323,0,-8628.62798325356
1515393,0,-7626.011412597003
1286850,0,-86503.71951128085
439618,0,-3687.204807999317
2624277,0,-85875.5085823145
1520388,0,-4068.7577748437816
1609709,1,-18320.29262085671
1421866,0,-9075.76969102433
2131680,1,-4395.835841693871
1352569,0,-43972.075464667214
2580997,1,-3877.4862711635374
2633794,0,-4512.051248592287
2783583,0,-6588.029791981737
807106,0,-4819.966526387055
2902665,1,-32479.74695520325
2128051,1,-6833.835045836311
1559276,0,-8052.640152753718
328334,0,-7821.561024340816
1482740,0,-7809.404128423198
1358000,0,-4370.1037750185205
3148622,1,-2941.5685797121146
1273191,1,-15361.47830656426
3660673,1,-4800.176731085432
1212844,0,-5479.72103816372
3125842,0,-5597.032675432695
3543031,0,-10073.492776776902
3703881,0,-7439.284891628947
1048663,0,-21187.010789747957
2672909,0,-2872.4396220042954
409127,1,-3746.8461496274813
1686002,1,-27050.81774766617
1779607,0,-9721.324532748698
2757930,0,-85682.82124719553
1318126,1,-16459.302855529124
3430580,0,-22213.08661165754
2676436,0,-7147.420381593101
2726635,0,-85691.11162740247
3889894,0,-3828.6101040105823
3764841,0,-53140.33929910493
998876,0,-8531.438198421603
877786,1,-6356.1990444406965
2195605,0,-87883.66208076068
1145735,1,-9597.439334206232
1035836,1,-5897.046049731703
3876693,1,-4969.314695988664
1106681,0,-85395.85913117441
3547513,0,-7190.022131690308
450724,0,-2007.5980047341443
1867888,0,-85709.34882301206
3414989,0,-3802.7179575694317
3475999,0,-87960.82193508561
2689101,0,-9371.834686567643
3778492,0,-3150.1233418331544
224160,0,-7659.627869253017
2265996,0,-4188.683879711674
1315008,1,-14759.254823981615
2401593,0,-6846.583405431466
2459087,0,-21940.0664586899
2149575,1,-5692.827972843369
950988,0,-86602.85410981
2827249,0,-20562.471175733757
1243111,1,-7691.097536185763
1593299,0,-102386.73261763783
2583358,0,-89250.53976952803
3340057,0,-91529.58382538141
2448891,0,-6149.472291036239
2796348,0,-6974.14616900717
3884521,0,-6603.517101037605
731257,1,-5135.868813729492
1030981,0,-11989.973827127587
1411867,0,-89049.07670433274
3898334,0,-9872.20134768885
2129215,1,-5396.778261358641
813983,0,-38902.86052599123
333200,0,-2283.3124988357504
1808217,0,-7617.076322043451
759538,0,-9846.52123033231
2587729,1,-4096.162743910529
1295842,0,-6225.7017138659785
874798,0,-42551.9948917308
377501,0,-9145.94359873175
803719,1,-3226.4142229588497
1560711,0,-13603.049801787633
1681411,0,-4297.767188953397
2763552,0,-86506.73519663588
208910,0,-6341.275364073009
750162,0,-7044.571466409034
2943784,1,-66708.93495270378
1969576,0,-86066.6524165238
689755,0,-3181.075251146627
932582,1,-2984.55647118395
250775,0,-2489.542630354506
2647654,0,-7617.391590649731
906348,0,-5565.429920772885
1073167,0,-85625.17892641605
2269500,0,-5678.534117600348
2145737,0,-43102.21111497586
2781865,0,-17392.898637811115
1146209,0,-40626.9540073268
2501045,0,-7533.097612732395
379644,0,-9572.497188224223
674938,1,-31042.17015176868
1851103,0,-86184.87675019114
2702897,0,-6050.4428374225
2219461,0,-12844.391302820368
3425956,0,-2703.3642453041484
2709659,0,-3832.4459211525054
600759,1,-6482.789109321967
525485,0,-3790.7463936579034
311819,0,-2738.482869715693
3483368,0,-2047.2754837201906
1470497,0,-45787.0018173633
1106251,0,-4728.676512448071
2724078,1,-8912.721422382867
3410131,0,-5165.789224100356
3120014,0,-7448.193174183051
2256323,0,-9802.184602532157
739617,0,-7217.4232586692115
1596989,0,-8295.428518595165
2620800,1,-7700.2548313690195
2431016,1,-8797.878521365355
916310,1,-6004.471548013431
3044494,0,-6011.68840917196
1793062,0,-3355.2616827726215
1009014,0,-7955.256050566645
888398,0,-7212.555375666652
1255762,1,-5851.12626658008
1941418,0,-11581.234014533022
962469,1,-13264.429932666746
2457500,0,-10689.894517295905
1807820,0,-11303.625749474448
3311188,0,-6317.636326522248
1107008,0,-11403.02960788405
1672479,0,-3426.6903234897873
3378220,0,-40884.95764874353
2415861,0,-5236.181879096252
3918495,0,-7218.758172825953
281618,1,-10550.6172762684
1008912,0,-85277.69692610428
3733983,0,-3435.6731472157644
1258403,1,-5044.147512502227
1225275,1,-7239.450409464261
1943323,0,-85545.64864179963
3653662,1,-5003.2154011871835
2134923,1,-7372.795462717902
3304981,0,-5341.886648550713
1031748,0,-4440.396332049176
339309,0,-12039.063786448158
1232353,0,-8263.510603404808
1730650,0,-39864.76860875156
2900538,0,-20872.326613838544
1406149,1,-5387.649349489673
3791266,0,-2561.8370614143582
1124168,1,-4917.623517650874
719263,0,-8926.05880894609
219786,0,-16387.437818531704
3023225,0,-5804.979468605936
2116316,0,-8267.052340190194
2506223,1,-9456.876263554188
217712,0,-20359.047643383896
495732,0,-86314.7698987077
3347164,1,-14224.364415499382
3347850,0,-8144.745074500932
1874000,0,-7930.592576766264
3461225,0,-3016.2266687293227
2725091,0,-86211.6014888476
3859549,0,-86902.0868389726
2841948,0,-4614.865924759767
1163281,0,-6430.950848815248
1700188,1,-21588.53362591036
1976722,1,-20990.864496416252
2393175,0,-85869.5629312377
3091756,1,-5908.808229987421
1822976,0,-22531.13579627757
1094596,1,-22388.224031351994
1206613,0,-4851.981896955831
1743040,0,-12126.95378225084
610620,0,-4459.238836362546
2159306,0,-6622.106968252321
1376134,0,-10537.94984178387
3437492,0,-86115.17773632535
686409,0,-3254.9476443536955
2157322,0,-6619.42961346762
1429623,0,-7805.398684162838
1016533,1,-10703.558979944133
3188610,0,-4874.189701511371
3143531,0,-4750.709171262671
326511,0,-5153.58989787669
1063146,0,-22967.060470450127
3000289,0,-40726.6059857464
3030380,0,-8246.876030763078
2875147,0,-4350.272392029445
1748454,0,-37855.99802743826
854598,1,-9989.812886811014
3097573,1,-17778.83013851738
1779117,0,-87811.64884614307
1621994,0,-3300.0181171529957
2894239,0,-5922.36040383873
1572144,1,-2757.9049044234935
1111459,1,-22676.170519361312
3273785,0,-2500.934363178377
689341,0,-85635.59479750536
2170269,1,-10970.006498344486
3478683,0,-88662.00440116807
1784571,0,-11812.176196281542
1032238,1,-10653.420853189724
606581,1,-4057.083401728301
3109875,1,-8434.589194989372
1294290,0,-4976.171371858318
3403189,0,-4715.475029183158
2838258,0,-4443.47636624033
218393,0,-6387.434755523333
1446966,0,-87568.12824903007
1973184,0,-6210.272584323775
3719029,0,-4516.9432076123785
3325372,0,-3289.710402676044
318288,0,-5319.272193286349
2026253,0,-5652.625165854412
2016611,1,-13694.414592148509
393037,1,-8909.6133777124
1942633,0,-8672.447098339695
1781916,1,-7204.288360140706
1950508,0,-8193.076135792335
821333,0,-9432.470457947205
869153,0,-45579.60754113568
3885551,0,-11119.469050067128
1323041,0,-3651.6915738851626
2406151,0,-8688.650838732008
2018484,1,-18760.52878182291
3283655,0,-94131.15491280361
2117235,0,-6591.368652693192
2907840,0,-1956.970464289408
2127366,1,-10822.561373754666
1085898,1,-3864.426515457731
3747839,0,-41007.19597189778
915564,0,-3197.1288644766987
994647,0,-4997.156607599074
3706608,0,-5873.667184070284
588474,0,-8412.255355784087
2626081,0,-6804.03570877938
2035035,0,-86335.96583402307
1365162,1,-11693.746419275345
1936097,0,-9965.436021042622
1023764,1,-9236.389641388161
1064162,0,-4699.914009470414
1360197,1,-6823.082599343072
416236,0,-9369.592056296466
1789731,0,-5143.072866951612
2577713,0,-88307.02828328194
2797720,1,-6731.776799745806
431750,1,-7020.121533185351
3233313,0,-86854.03466519681
2491027,1,-7666.930824303637
3016115,0,-86978.34394660959
3919244,0,-3003.502010075042
2184801,0,-40421.33765304495
1849217,1,-10967.538241208953
1081448,1,-18507.71823385749
2628894,1,-6214.723729904394
1751553,1,-8747.264612779834
281547,1,-8658.899681297662
1606320,0,-4487.09179665173
815255,0,-86295.50322478953
2125012,0,-43839.68350029139
1366630,0,-4900.253596995013
2019613,0,-89262.73573548191
1258779,0,-86483.78757014955
1942130,0,-11421.701418650515
718246,0,-5160.2360044942725
1793050,0,-43258.597911791236
3840111,0,-7950.091240437591
1529005,0,-5485.855449007194
941589,0,-3878.7364789332637
3832800,0,-3233.600074504482
2223734,0,-4374.6196967100095
3832054,1,-9476.087874835346
2155696,1,-7745.517114104315
1020485,0,-42032.79430134256
1706529,0,-20654.249844707778
3419730,0,-7281.434663876365
2653184,0,-3754.6259312447924
1456228,0,-102352.15885436728
652661,0,-3235.310469466565
727465,0,-11135.431309697124
1594862,0,-8432.000357906898
594592,0,-5380.05098963105
2023678,1,-8230.71530010836
1562532,0,-4179.761157563662
221498,0,-4145.917996246243
2879631,0,-86145.00623557341
2192188,0,-4621.932431863009
1639499,1,-4816.0171250634285
218562,1,-4652.134279531193
1064178,0,-4119.276528671967
1308488,0,-8595.14010756126
2235680,0,-4542.729289146221
1975972,0,-7810.62872398455
493416,0,-38495.057692541974
198050,0,-6598.18365462405
935454,0,-86142.04098867333
2511819,0,-5509.107593446393
464138,0,-7325.026075927835
2757087,0,-2739.3686101988533
3839898,0,-9689.840572777128
1687032,0,-51347.75738192274
3169461,0,-39792.502471742446
1289161,0,-13453.420678037552
2683219,1,-6382.096202994908
1778872,0,-8537.995402658526
2194123,0,-4301.732899910935
1770214,0,-3375.7481052151234
2427570,1,-11951.2536978411
2556944,1,-12305.18766197429
2943770,0,-102366.67616053914
2409307,0,-4895.224272221634
3692731,0,-5379.482101172858
3295372,1,-5704.900820961771
607963,0,-6348.578151203614
2978803,0,-86513.70904435037
3065886,0,-6554.537552465652
3111354,0,-6553.514419961957
1330076,0,-5299.470375732382
699339,0,-6643.8261187097805
571432,0,-5962.207861826362
1856435,1,-7004.350034468685
982140,0,-3943.615766521957
3020835,1,-9113.519879140404
1854548,1,-8101.280195821831
3270526,0,-6638.930450006911
2760456,0,-85409.01660780158
579804,1,-5623.796331653559
1203425,1,-6486.817561716295
2571285,0,-5684.444838605116
3443090,0,-5806.754603877766
1344973,0,-7060.56363180626
2260428,0,-40575.9520090049
1511938,1,-9526.535518262108
2795585,0,-87262.64188552264
1162880,0,-6220.48272631998
3256507,0,-3358.3087763837557
255128,1,-9797.647104295205
1399344,1,-5048.049124764084
2737223,0,-6353.248582521095
2884029,0,-10311.6045758867
3542564,0,-14261.21926617866
3475955,0,-86049.08327067447
2626380,1,-27997.138922875638
1602937,1,-8535.084431772771
3453329,0,-7078.720053841702
3800524,1,-84302.34319061841
988348,0,-12070.273596935273
2159498,0,-89376.6033701816
1384200,1,-13032.065103800824
3399384,1,-8768.810166832898
3949352,1,-10152.886288523448
304152,0,-6422.879062233525
195500,1,-11275.605323285085
1686809,1,-22715.171068693195
3767999,0,-87848.02072163974
2939491,0,-6869.418249539663
969980,1,-7739.253584757923
1033478,1,-5493.37984388397
1405054,1,-11353.033182113324
3281769,0,-11177.613951232663
1706874,0,-7271.968416489572
3081234,0,-3307.761526225264
653342,0,-4709.3747151708485
966607,1,-9440.672362889978
879260,0,-85491.98361302476
1822025,1,-2950.3212237487364
2815432,0,-4797.588282992451
2577670,0,-85421.0482719122
2836851,1,-3870.990926962442
2273901,0,-3701.804482406462
1723377,0,-86555.71434664153
3779622,0,-40231.77007301625
1734644,1,-19671.318975780898
1670801,0,-6896.440461927161
3676928,0,-6433.395806508732
3344390,0,-40263.09276541297
2611504,0,-20831.888848229017
2887351,1,-14589.175512868322
573574,0,-1484.5123954821065
893555,0,-4961.5078982920995
3332713,0,-86884.86195438601
1596288,0,-102035.5120887746
3452333,0,-42966.84255181484
944978,0,-7134.859587870414
3250248,0,-5575.501290441831
3171474,0,-5963.431037193773
469616,0,-5016.324642032874
3544398,0,-10217.236557476348
3171092,1,-2332.4004917722646
1700863,0,-5445.127111417748
1125568,0,-9495.440782446209
3524883,0,-4300.2566334930725
2605619,0,-5117.005709667291
1876972,0,-39368.32677676238
507309,0,-38767.51526131023
204011,1,-8200.828398301204
845506,0,-4800.437068387291
910777,1,-12461.331808340858
235351,0,-6765.441684453523
2005071,1,-8638.381504841784
2035600,0,-5784.303983701051
1396306,1,-8854.880741803605
3738199,0,-5372.442762759643
1005001,0,-2774.3657599011653
337726,0,-4808.527853341344
2018892,0,-1764.0081580821318
2979162,1,-3367.408753000793
444851,1,-6154.118972057818
193943,1,-3413.114433426315
1055860,0,-21236.51726011524
1390962,0,-6333.010200634265
2145241,0,-4622.434175447217
1738249,1,-6146.024276286938
1754797,0,-39534.02965866449
3452100,0,-2061.614801964308
1822498,1,-7487.17826371866
1742489,0,-4773.567792349813
1237824,0,-87006.65234511555
1765864,0,-43092.7010842992
683418,1,-7828.423960299483
2881544,0,-3942.7432847327086
857680,1,-9354.025124136673
3502691,0,-4216.415733546504
2149198,0,-43491.1988477387
269015,0,-86599.26923807789
746540,0,-8650.857833476966
910741,0,-3000.443845132878
1912754,0,-9400.15261666484
2838464,0,-17207.90584415161
1976701,0,-8941.413160329757
262979,0,-6541.636522754005
2609114,1,-224.959359875262
387383,1,-8823.000323560207
2481998,1,-17805.121623749033
2169159,0,-4630.870550278434
955189,1,-8060.209185141971
3058060,0,-5721.336777790323
3225818,0,-5424.371834607449
326727,1,-7256.004407480251
601745,1,-8344.805778952652
3343820,0,-2297.237528733686
601989,1,-6013.098326350064
1715378,1,-12251.427518767012
1438269,1,-4820.486039169162
3063823,0,-92340.8196342226
1565074,0,-4481.627533354969
2492377,0,-8246.715098635706
2430549,0,-8038.569260614626
2522743,0,-13259.44252912006
1738929,0,-6657.003799211347
2867273,0,-2954.521437755361
1402652,0,-3528.4554830613647
1167336,0,-20672.482339958067
2993964,1,-8240.866458039116
1817990,1,-8249.847332012792
1192997,0,-3060.0304284066438
3063129,0,-7545.41689485559
3523442,0,-3600.990145834547
1616298,0,-88338.63326311894
1488626,0,-85588.70640604165
2668294,0,-8764.419403429903
1755961,0,-20005.39861903119
2783136,0,-6307.542721689496
1004319,0,-5945.873349914091
2037332,0,-6848.469174033651
3434456,0,-41656.26674925864
573661,0,-4079.297723706706
1260584,0,-9458.800206192494
2797267,0,-86901.684351467
1811324,0,-10073.374342989295
1128040,0,-38796.275986828485
1544135,1,-7939.178828693712
2567736,0,-4783.131842612028
1068853,0,-6486.010667822955
382895,1,-4252.059773701868
2034009,0,-3556.2932366356254
452906,0,-5301.064459255877
2173719,0,-8377.54738034469
1526377,0,-7361.136631982893
2826396,0,-4570.71776734237
906705,0,-6940.852807624031
3531724,0,-4945.379089704954
607261,0,-8268.215770100256
2801340,1,-10575.146089157239
272823,0,-7866.236449624556
1679552,0,-7640.3821774141625
3076382,0,-10033.46012604174
1033418,0,-2193.3190527625043
3958743,0,-4399.323263363346
2468593,0,-2686.3468129613716
1665681,0,-4809.16121131134
2167375,0,-4635.589740003781
2779362,0,-5932.769536035669
900376,0,-2553.1024628682007
2819165,0,-3111.3983835457047
542399,0,-6005.112121525665
221738,0,-7530.919781139092
2276958,0,-10767.606849240223
961905,0,-7439.192775096223
2432490,0,-6306.259206302432
2119569,0,-85358.66337113798
242236,0,-6472.26570006257
698577,0,-3597.137651508214
3526147,0,-10982.54102033333
391608,0,-2964.2948336653685
1617485,1,-6650.215502976753
3168900,0,-8923.75927445174
3321598,0,-39255.90045033019
3292754,0,-5175.107102268949
2860703,1,-6574.5797050532165
2047300,0,-8393.093714519871
3936827,1,-9969.751837195676
1765955,0,-8797.981144650383
2853397,0,-3702.9524892171166
1473058,0,-6702.792221174127
282335,1,-9111.766327175275
842475,0,-10306.023195902339
3904686,0,-86891.86834545751
3378795,0,-5236.863440182854
3956658,0,-9549.922916758233
3751452,0,-39083.468574162216
896097,1,-6668.204801008005
617187,0,-6477.217717811369
3492207,1,-8054.930487457155
528374,0,-4668.459360899635
2989270,1,-5762.196404887708
1555176,0,-7802.210390129292
410797,1,-18728.342087092038
2461307,1,-8385.918419774984
3272167,0,-6453.579860668644
1855262,0,-7207.563235907714
1168802,0,-4123.006871725039
1224663,0,-11545.870586010235
456570,0,-38389.34634170896
3255141,0,-38074.25601488471
2707342,0,-5062.084363291937
617478,0,-4247.25507179093
939482,0,-9084.142771433553
1255032,0,-91348.64305420169
3833397,0,-89094.32358439435
1043429,0,-6339.814387601442
1479641,0,-3304.7210881441288
1665135,0,-3802.154739127911
3042295,0,-6008.831482774595
2850687,1,-51063.704577926095
2792111,0,-4989.740051264059
1460104,0,-42722.61511368689
2390932,0,-4688.432368824393
2050468,0,-8100.00533214034
1634776,0,-5304.641007914557
292389,1,-13369.915529943391
618908,0,-5475.277740727896
837976,0,-8029.829381750022
2633018,0,-86400.41671510407
1551324,0,-2250.8510926100216
3807703,0,-9569.982133743455
429920,0,-23957.94271772913
2967262,1,-100914.59722752319
574987,0,-4344.75105312773
425064,0,-5551.605664327048
1633516,0,-85780.63697403188
452757,0,-8563.574105650645
3478720,0,-4224.172504719019
1630029,0,-8017.958269697628
2586364,0,-21215.82822883405
2255731,1,-11065.958013723031
339508,0,-4108.002200862961
343321,1,-7603.476198815069
1150831,0,-6864.651128091504
3656644,0,-10658.405784827244
3262004,0,-4184.817093425512
2439596,1,-4255.4383484270675
2476445,0,-6537.938779186679
2119517,1,-9305.856698848178
1376015,0,-3657.8598102240953
1481161,0,-6039.20206771286
591500,0,-6726.697695351949
1226193,0,-5431.387714032927
1873812,1,-8097.494009147312
537450,1,-5640.789212247151
2260859,0,-88051.19693999123
2938111,0,-4718.761592680779
3118619,0,-8204.056190990157
1202909,1,-8593.738764748297
2283550,0,-4065.130592027348
700513,1,-84645.90244276801
1436422,0,-5432.368186955771
3267489,0,-3362.261570521239
3671678,0,-5662.636654557622
682063,0,-4900.619553635596
547646,1,-10455.860755144557
1155922,0,-5749.439874955009
528123,0,-3048.8931047102774
1398018,0,-11877.183227708107
2974618,0,-5299.265871926281
3311982,1,-8260.464063736139
2116770,0,-2303.37682080937
2014313,0,-4901.04842862454
1060562,0,-2736.686336344066
719805,1,-12887.73602423776
3887785,0,-85602.90170213889
3268939,0,-6368.321787372802
2989349,1,-5028.874576594887
1894369,1,-8739.347950332893
3406176,0,-4738.906732653141
2543371,0,-7941.329028512788
1255857,0,-86128.35225136453
1133780,0,-85080.70053125192
3211102,0,-7906.502559776329
622032,0,-86340.22612092971
3092733,0,-6209.878217944361
3437950,0,-5805.515296839365
1622130,0,-6121.242794803718
2996650,0,-4769.4136077390995
2828909,1,-7467.147672784941
3463847,0,-7029.459210392265
1099395,0,-7744.874927467257
2481764,1,-10434.02061254789
3958801,0,-5324.701637353233
2745457,0,-4798.915567769922
2560631,0,-41168.750141338496
2524490,0,-4050.7810739894853
2239105,0,-7310.553290950626
3365290,0,-6449.784248841356
3062528,0,-5275.040383801068
3026317,0,-8210.285019005678
3301106,0,-5271.594457727403
3416506,0,-8016.823506508055
758750,0,-8077.266301535625
2507461,0,-8495.574004361826
1295020,0,-8196.274250599296
573520,0,-6087.723861337577
895883,0,-88518.97031502011
1601792,0,-6968.000175589125
3700230,0,-3520.655034352431
567950,0,-41493.71801150633
3665411,0,-5564.5349641357825
2263656,0,-40146.153305337946
3393107,0,-45780.544844981356
2589886,0,-7394.653959797687
1206937,0,-6109.362200368847
3018149,0,-6951.006933813573
457719,1,-3296.2260838341163
2000146,0,-43994.847124599415
3768126,0,-48162.96401299094
615352,0,-10301.844254620128
220382,1,-11415.677748764268
430521,0,-8790.825004356491
1427961,0,-8157.87156849216
537260,0,-6237.129899125463
450886,0,-85712.30760079916
1738592,0,-5730.718357834024
463730,0,-7814.750168605215
2163951,0,-3232.3518198955844
1911939,0,-5414.311782148612
2398540,0,-3383.4784521460465
1349497,0,-7176.748489127036
1501306,0,-4726.853332790921
1416792,0,-4310.76502078921
449549,1,-7170.69214284787
327116,0,-86931.47905643146
1355556,1,-7006.460161352874
408914,0,-3965.7479850499353
2718796,0,-7660.422792994694
1766837,0,-6890.357710650198
2803066,1,-23084.326913627334
801435,0,-13415.14188808779
2144844,0,-90100.63058368246
3404606,1,-7390.351822941506
410277,0,-6833.551875205955
3659623,0,-85600.86477223407
694507,0,-6481.127330714846
2027206,1,-7163.069955248373
2742776,0,-6330.235110549761
3019278,0,-91245.27511116944
2841966,0,-5095.337575290769
690861,0,-4068.842617205828
1290089,0,-10009.683799806913
3151614,1,-12742.858269722476
3720394,0,-102315.59146430553
2684335,0,-7612.22713166126
1667724,0,-40814.62792313603
978604,0,-10188.83507622483
2730556,0,-19826.84750822989
3940804,0,-6898.13585664451
3279255,0,-8958.536452604818
3141246,0,-87462.38547950517
2813236,0,-7132.787236851839
748321,1,-9161.721689035347
1767846,0,-6124.919362378453
286585,1,-5947.509347452345
3683934,1,-9163.521153373023
1997537,0,-2887.741237819213
598612,0,-6547.99616734823
3068505,0,-87401.03326535337
2123630,0,-6121.206587140135
3668284,0,-4138.109944596189
3700091,0,-5400.221305782932
2197514,0,-4100.915379464367
2607254,1,-100821.19367871706
2484756,0,-45170.92011087831
1742930,0,-5453.16448092311
2422586,1,-6087.936117195732
944981,0,-4796.301639752886
2767526,0,-2957.879424092258
713557,0,-3078.147626110159
