sample_id,z,y
2703313,0,-30.485391247443623
2844341,0,-30.788760958948302
2233069,0,-2.8250407347406297
1960545,0,-1.9819460455522613
2597816,0,-30.84062457282143
2883727,0,-2.1227210541782653
855448,0,-30.886818301928148
1956093,1,-2.0809399105904243
3422008,0,-30.628629182451363
2911904,0,-2.4215157109072254
577468,1,-3.336216924443982
945814,0,-30.346980060343107
732086,0,-2.9980891700849583
2848981,1,-3.9311778646176365
1867589,1,-3.0782042972079013
2939299,1,-4.0993155267148405
1167970,0,-30.62401871645913
1434226,0,-30.64074292185361
3655437,1,-3.5084977462859395
449610,1,-3.6583189398036637
556731,0,-2.76166151672396
2673695,0,-26.88141752494361
2491917,0,-30.354785905918252
2029595,0,-30.98400397599766
372310,1,-2.345511330162799
2609191,0,-2.8767356188319155
2922916,0,-0.5272760331006389
460039,0,-2.697934706057448
3885088,0,-2.3317631882541394
2283242,0,-2.5872741169040596
256982,0,-1.3149009844518158
1536888,1,-3.5280747080376504
3176418,0,-2.8863502896326994
231849,0,-2.8934363203211744
2445399,0,-27.668810349144252
1880316,0,-3.135506800947379
1087970,0,-26.008632840119034
1028218,0,-1.9774542251233875
3765623,0,-2.2193925667416305
1394369,0,-2.110749583740531
3322549,1,-3.058565043962665
2270847,1,-3.679260910391311
396447,1,-2.9486969730350983
942596,0,-3.080781508934036
1296866,0,-30.504112274131142
1718767,0,-2.4935594338988136
531336,0,1.6396850029037302
1908061,0,-30.63747691989114
382747,1,-2.61407173731811
403418,0,-2.8734633768030258
282864,1,-2.9704220535547448
2666210,0,-2.9123594784871516
3539294,0,-30.422797496470675
2252140,0,-2.078777762351871
1506237,0,-3.1065297544913544
1661357,0,-2.792714127279697
1405235,1,-3.1071874207802668
1239366,0,-1.0358370600282603
2702821,0,-1.3741946530976672
913032,1,-2.967550947731432
2112678,0,-2.7281020165525054
2767205,0,-2.9994548504789975
289348,0,-2.435875384816655
2994734,0,-2.250271173462717
3854669,1,-3.486177355791382
3353856,0,-2.6224314846661083
3757967,0,0.3997475071225496
2391047,0,-30.684660960375762
3724163,0,-31.027352008140348
3438092,1,-3.01194579801867
3883531,1,-3.4633891479717946
459550,0,-30.74809497856307
3867227,0,-1.3552223506509078
1067900,0,0.2668924881302879
871244,0,-30.259013991544947
3026779,0,-3.5396331610413423
2615505,1,-2.9615914450404413
2213735,1,-3.031650070347756
3713153,0,-29.988032669515956
1733516,1,-3.7671078274842875
1740406,0,-1.6609897679183492
1688507,0,-2.8349570962013013
1300601,1,-3.824038518198069
1562926,0,-3.6338034505411363
3899972,1,-3.212072065580452
2763542,1,-3.1546160563827983
1484863,0,-1.2790608083945876
2210994,0,-30.71258668295646
3452350,1,-3.847336311694932
539603,1,-3.6006774346936683
3327926,1,-3.5341098657756334
374711,1,-3.8559697677043925
3147683,1,-3.071475676957385
2749280,1,-3.0444696762790047
1414126,0,-2.356957700019402
1841884,0,-1.5208811531181148
202143,1,-2.9662741424090133
3872704,0,-2.764538888687847
2665642,1,-2.535445106323349
2509585,0,-1.405159512567371
328800,0,-1.5548982935195568
2698328,1,-3.2165692097114342
490758,1,-2.996118401488492
2919734,0,-30.914240068932866
198860,0,-2.4394149540266366
3530915,0,-30.83732598701772
1470026,1,-3.405457198440299
2235545,1,-3.2850283548671397
492298,0,-2.050344863082935
2730246,1,-3.7007809761046877
2174548,0,-30.41762756767354
1915610,0,-1.8523833038982165
843366,0,-30.526165345987224
3328186,0,-1.8343266797704119
3130466,0,-2.466585311960968
3677000,0,-29.515547258962027
474475,0,-2.8316990122657515
922667,0,-29.888452637471296
2930488,1,-3.3494611219885355
2758378,1,-3.9692770112102798
3060494,0,-1.9567986443429919
2464080,1,-2.3564100527618175
3456476,0,-30.00338635929732
1982424,0,-2.351628700273873
2440832,1,-3.5650928209097255
3175749,1,-2.384266626266731
2275416,0,-1.7886260559379217
2922997,0,-2.7075223205025933
3925506,0,-31.338283476827776
1097028,0,-31.092094441122555
1362562,0,-2.5408775829860137
2695894,0,-0.8660203581598843
648546,0,-1.8167355484745045
455455,0,-2.313257935913343
2481552,0,-2.5533858641644427
1161808,1,-2.899793233037477
3251901,0,-2.8522129764936004
3462605,0,-2.594556917732591
920256,0,-29.489149682479198
611695,0,-2.9502212408288653
730993,0,-2.965425117894389
2119604,0,-30.563626971319376
1226286,0,-1.1049049543362872
3473132,1,-3.2233542983437373
2024820,0,-2.7210760040764432
761336,0,-2.035392192255373
946845,0,-2.9449030518965165
3325129,0,-1.2534610521951195
1620309,1,-3.2486998701562153
2884865,0,-2.580505091085753
1729626,1,-3.57303023459542
1687263,1,-2.8636543524929694
430675,0,-2.9168898108391095
1743021,1,-3.7101023796441237
1287632,1,-3.957482051312038
3853771,1,-4.226803179291236
3309270,0,-30.07327390664424
1953889,0,-2.415780243495657
2547805,0,-2.819723570074394
2144432,1,-3.5867839041691827
402251,1,-3.7322863393425743
2791260,0,-0.43980744937587457
2262105,1,-4.065675713375367
3117846,1,-3.4900375380906
1121494,0,-31.125141659094545
3358900,0,-2.777275236110847
1710164,0,-2.6635520399452584
2852401,1,-4.321474217271592
2018174,0,-31.357929294601323
1602836,0,-2.415508609483779
1170684,0,-2.022358434426015
3049154,1,-3.0743629568144457
2683582,0,-30.811363234002
1337595,0,-0.9400816537390845
640440,0,-2.840582150226523
1559853,0,-2.8590963829651916
560470,0,-2.024823823116741
2251339,0,-30.929162849568204
601676,0,-1.399664928851044
3275449,0,-30.440040065333164
3491335,0,-2.8614315377326096
588929,1,-3.280495629201397
954195,1,-3.1051861343276816
3790103,0,0.8262176432372437
2219461,1,-1.950511266010154
448363,1,-3.376636145937427
2810820,0,-31.116132290174388
2566998,1,-3.280252813974807
2844693,1,-4.245467277359576
1453584,0,-2.3044862117586717
2725060,0,-31.645469895724464
3193650,0,-2.7525450323295697
3152732,0,-30.20826094913799
196884,0,-2.263829657488696
1817006,0,-2.6541205003296566
985664,0,-30.70218889992362
1626899,0,-1.659142378658348
2118823,0,-2.4838720804556056
1259113,0,-2.866518425203125
352972,0,-2.07577590385392
2042014,1,-3.176832355253173
3423490,0,-1.9847818665990564
723648,0,-1.6252506486612157
1816154,0,-2.426786785624049
3447088,0,-1.7926357478480122
867292,0,-31.09299538324299
1632805,0,-2.6578611504549152
643553,1,-2.495462999639489
2053416,1,-3.446884365144535
2235726,1,-3.2889593006815487
3652645,0,-1.4734458877749592
270206,1,-3.2278585522658267
288180,0,-31.117052813787133
1626680,0,-2.4563049096502403
2660242,0,-1.8131565538078636
853392,0,0.5578566117871936
2996239,0,-2.1059879167927553
2973396,1,-4.274228222104497
3357718,0,-2.409916110092475
2474938,0,-29.487258488668225
1766142,0,-31.55495295712822
1343297,0,-30.596563116386218
2236604,0,-30.37373691778904
3002469,0,-2.0530902304819305
2266721,0,-30.1535499862138
3898734,1,-3.012502980519271
1721231,0,-29.48288989364748
392284,1,-3.290490216390089
533269,1,-2.7701216748034767
227192,0,-1.4635341255781915
2273087,1,-3.1275332392835855
3541081,0,-30.098171919973993
329236,0,-2.1153141130058177
2699349,0,-1.138858351216674
3118289,1,-3.339613123372888
3199830,0,-1.6949667636261985
1494754,0,-2.306147061548743
1271686,0,-2.701321438363064
204103,0,-2.3832748929865146
517022,0,-3.850433071263415
1714142,1,-3.606527505331593
3918023,0,-0.6939642899108289
1332925,1,-2.7171986710993945
2170462,0,-2.5965348396270893
1908675,1,-3.8828894507798775
322300,1,-2.287511841617425
3174575,1,-3.9634551470612984
897344,0,-31.157413220630293
3916650,0,-2.2617209048481794
1240949,1,-3.4465297395974233
2462581,0,-2.739071525310259
3517246,0,-2.8811617610865206
370629,0,-1.634831781948359
233663,1,-2.7691670085458506
1091292,1,-2.3323103357767794
824881,0,-30.58815020153085
3893928,1,-4.289287932534988
2012067,0,0.9818482476496586
3676843,0,-2.261570225453979
1384604,0,-30.59008456461554
1833942,0,-30.627814258304646
2622003,0,-30.349094606851324
3841373,0,-1.766376798831124
824552,0,-2.7332068179961753
501760,0,-1.8209170121991802
1106244,0,-30.677021400943367
3247052,0,-1.8334698459903431
3143122,1,-3.7867093183105958
1935532,1,-3.9409407924359
3360086,0,-1.9593772307387092
1121516,0,-2.6042103812429223
3246189,1,-3.6890210396898118
497032,0,-1.9417774808327772
1617832,0,-1.5235744291128197
3359099,0,-2.9282294623948224
2560870,0,-1.3863197816672077
1000438,0,-3.0131052395035978
2036969,0,-30.41686281845085
859162,0,-29.91575021880725
3717062,0,-2.574080002499436
266300,0,-0.4353699948007532
3099350,0,-30.3541866971321
853584,0,-2.5662086338147345
2268334,0,-30.299713562271908
572946,1,-4.279391257838468
2886143,0,-2.0161315527603767
1082980,0,0.8746858785358983
3409025,0,-1.3191284999578132
1764456,0,-2.367192587183715
3480839,0,-30.63350291072046
2000407,0,-2.6307905364624067
3156856,1,-3.3088355317394713
577807,0,-1.4470641643430455
3720494,1,-3.0983185703325753
2135633,0,-1.9256088069250543
1319869,0,-30.38771995880971
1503507,0,-2.410608759247134
593824,0,-1.4558469786989383
2911121,0,-2.5247442892678453
2278743,1,-3.914366796692004
887612,0,-30.549084437298852
3329984,0,-1.3116780575028901
2422660,1,-2.8877194949678526
1207042,0,-1.3925809193524281
2799448,1,-3.8024003985399197
597272,0,-31.028783224300387
2425109,0,-2.7749877727367007
2664161,1,-3.682039216886388
1514870,0,-2.2028741671813084
635022,1,-2.9682453575728345
2042031,0,-30.701638979389323
2064387,0,-27.09146441085151
379644,1,-3.00907874378321
413998,0,-30.15843510641934
1632109,0,-1.769973467580885
707101,1,-2.4472414901039365
2129211,0,0.6576299733580443
2258609,1,-3.024685648672893
3099958,0,-0.8559550780863762
3261014,0,-2.3873998211380365
2567881,1,-3.487919685350929
578127,0,-2.122138896002782
3224589,1,-4.007034693884475
943197,0,-2.333739809443849
675333,1,-3.4516848998904677
1000621,1,-2.153217264847507
2903827,0,-2.6396051713331437
1567660,1,-3.18701522323993
3458776,1,-3.1949188403543096
3697584,0,-2.7249589383583785
309715,1,-2.648559132380738
3767397,0,-2.8542312970473156
395247,0,-2.243759879257505
1214585,1,-3.6301111183313695
3038117,0,-1.2097426986954567
588259,0,-1.6310657048906572
2805089,0,-1.4807860624025346
3920258,0,-2.343374740565362
3900453,1,-3.982401148396673
1470367,0,-31.559166461035314
3944296,1,-3.4226648136786295
2005478,0,-3.016734950763369
3272268,0,-30.441086049434535
1067308,0,-2.6587549714110086
2256179,0,-2.6463782731178815
3267614,1,-3.557340222307484
1788134,0,-1.422239278282047
2996061,0,-1.0997359464066705
1374895,1,-3.0577930653519654
1402652,0,-3.180364512722587
3246551,0,-30.756514136583924
1684653,0,-30.40635255401351
1940542,1,-3.9968307253650845
1522214,0,-1.849262382832523
444267,0,-2.7681749937643434
3435957,0,-30.04072057484691
537025,1,-3.7687439447834694
1766159,0,0.7781466186889425
2024120,1,-3.910165034824235
2686074,0,0.3767177725711535
3835282,0,-30.887933210104254
3771341,1,-3.2203550092773554
1432413,0,-2.7952140277951134
569933,0,-30.505811788460104
1384111,1,-3.559901551342703
942781,0,-29.71059973545405
2519493,0,-1.216080872767693
2756220,0,-2.736018235350185
992881,0,-29.57481587357815
2677011,0,-2.378067367091446
497477,1,-3.7333428042908787
3085839,0,-31.31916508275986
1522554,0,-2.46791842637087
707600,0,-30.74374299174605
886973,1,-3.06858246025629
707212,0,-2.7537132111000675
3521731,0,-2.367599334462625
321691,0,-2.131788170538442
1571750,0,-2.902274980644177
3912826,0,-3.6412178273800695
483323,0,-2.475111344252499
372447,0,-1.415507008824078
384054,0,-2.0026552383821254
3938027,1,-2.111969282873261
3343044,0,-30.374994870022057
560293,0,-1.746364062367744
2198182,0,-30.796958996397816
1767376,0,-3.147017588515169
1221155,1,-3.1944576691426723
514982,0,-0.23457098052178593
2888774,0,-29.81882907852708
3207667,1,-4.145435737550963
1077237,0,-2.9116024792130517
1473058,0,-2.1498251626810325
2464219,0,-30.420149606598745
2689066,0,-1.8333839173569777
2967654,1,-3.1978248330794354
2889841,0,-30.83218619397407
1941827,1,-3.6105425912809572
1703338,0,-3.0902668604573424
1264040,1,-3.4411750550588565
2859449,1,-3.749660546546309
2476517,0,-0.6738598512332341
1745710,1,-3.229105069090769
2105074,1,-3.225815223662654
3270752,0,-2.822560553238356
200799,0,-1.9365931527818414
1213825,1,-2.547670778938698
863050,0,-2.6809718206927577
3368226,0,-30.611851645158602
1444159,0,-30.835381784733087
1886820,0,-30.8960933455261
1288705,0,-29.576046385968457
2032105,1,-3.9901917380889595
3850672,0,-1.7890723112348437
494977,0,-2.9215172961228357
1209472,1,-2.5980108590093667
2145424,0,-29.23923520312061
2122253,0,-2.828583916103515
958883,0,-30.015177893067293
680540,0,-2.701903732882105
1593994,0,-1.9130563445252555
572901,1,-3.058232701881228
1225602,0,-29.27985706833087
2254260,0,-2.565494317031612
3515288,0,-2.8928649031743507
436392,0,-31.27198584102263
2493669,1,-3.275602323540148
2634202,1,-3.2096214882594634
1433903,0,-2.172186575872832
2026230,0,-2.042736939368613
1420658,0,-2.598536889181569
2497096,0,-2.653233562298084
1663432,1,-3.8621376486498122
703316,0,-1.802921685946535
3104503,0,-30.01581639512578
1079325,0,0.9050893095233663
3462935,0,-30.34283356512767
1558700,1,-3.5181041482280127
3225417,0,-2.3360629594961755
3910139,0,-1.506720321532788
2929567,0,-3.1131969542955735
3271326,0,-30.508906118314606
1850161,1,-3.6560691512405827
1526071,1,-2.0751152057862283
1257674,0,-29.590149919559888
2637283,0,-3.5198657267085025
735379,0,-2.7422744298330555
195410,1,-2.556073440136891
1344797,0,-31.00100704580275
3072584,0,-3.0111038947805135
3764690,1,-3.732548136607364
3939290,1,-3.2257904592503213
470597,0,-3.3861268937711273
533652,1,-2.7174154255220486
3123842,0,-30.500555104705594
3232633,0,-30.584853923123106
3858488,1,-2.8241702270693327
2104785,1,-4.001102019722917
1141929,0,-2.510491925510392
485714,0,-2.9685377477879427
710087,1,-3.950606237364819
1665220,0,0.6356455692255899
913405,0,-1.9614705014893623
284175,0,-0.7391033291701571
3941572,1,-2.5237706713557717
3917199,0,-2.012403594288609
1087495,0,1.343446447818687
259137,1,-2.4888772601493874
2572706,1,-3.391779508242452
2679140,0,-3.222089381039575
2439514,0,-0.05751846123048898
683911,0,-1.057715319058632
3521935,0,-29.598386865716364
3496399,0,-2.133081681792823
616813,0,-1.8717879798952155
967527,0,-1.737008014881397
2410922,1,-3.7659929945496233
647399,1,-2.647147762470643
227212,0,-3.4751927691153064
3348304,0,-31.488885010422123
1736896,0,-3.0820744267901468
528101,0,-2.716462214014906
2269500,1,-2.308494274735454
1402834,1,-3.570133976785201
284027,1,-3.26559744432696
3418657,0,-30.177641049879764
2508547,0,-30.795560304643548
1981609,0,-27.630369427272246
3328984,1,-2.5506508975949784
3524103,0,-1.0515154232899275
3155768,0,-2.632614059756694
2247997,0,-2.9525638490977797
3882205,1,-3.4720334243021127
3738240,0,-30.06245008078425
3667686,0,-3.136835829821013
1106717,0,-30.63754327554248
1218495,0,-2.5058188058437
3786350,0,-30.216058505894956
757187,0,-1.0569211890528916
912063,0,-3.0057923367935713
3132817,1,-3.411801725232293
3325748,0,-29.657861051582614
1643043,0,-2.2333683394769603
551423,0,-1.8465878234484223
302268,0,-28.31095949950836
1103018,0,-2.7914156691026064
1411722,0,-30.399753735785637
1746391,1,-3.3272363048585123
738294,1,-3.6184000462251835
3183903,1,-4.003216160444195
1907287,0,-1.3633189629783415
3453179,1,-3.4582374965237297
1616855,0,-29.50001219635221
487861,1,-3.6326030627266617
323208,0,-3.0842394456218623
744428,0,-2.8655500198348176
735449,0,-2.314025922438807
261011,1,-2.830443871796655
2019355,0,-3.0273131232200425
571047,0,-30.741129786625983
493453,1,-3.5781611072361588
1878832,0,-2.0968270881477067
3491728,1,-1.7528274014305123
1829097,0,-1.8063408508243939
1973506,1,-3.7383477477374947
3372327,1,-3.2481746474561013
1998888,0,-2.6357904057547796
2997338,1,-3.5063674903270727
1354893,0,-1.3090023203963121
2589221,1,-2.6562503567258635
633372,0,-2.8934889809446145
994627,0,-2.359535578104917
3523570,0,-3.076587202124662
1002778,0,-2.1336182324809685
3520932,0,-3.419945362296621
2579365,1,-3.748459297874878
2449942,0,-2.5091190392779366
3809403,0,-3.046457802492143
825601,0,-2.4666972912161484
1407777,0,-1.4710408517809233
391324,0,-2.2505704634604977
2459301,1,-3.148090118548315
1114378,0,1.4208988483399758
2725083,0,-2.300592511031421
1242275,1,-3.7985723029341334
3952644,0,-2.609483314274125
1898518,0,-30.269907037022552
2493592,1,-3.6481807150347345
889183,0,-2.188411579171729
3291061,1,-3.816611094342255
1867463,1,-3.7471964598975758
2546617,1,-3.8695215393393623
3760939,0,-1.2295841610178129
248413,0,-1.70682317526549
1366183,0,-2.1983384402818165
1895660,1,-3.467320249520732
3786902,0,-31.114282128114034
1436868,0,-31.332902894055913
2109935,0,-2.5871213737204806
1746229,0,-1.6624691437922734
1689804,0,-2.05193663968542
3078343,1,-3.6004190764208817
1370196,0,-31.144654258422
3180882,0,-2.7159386300377095
2038321,0,-2.369100201098783
628620,0,-2.403334499259036
3054111,1,-4.01024753637944
1007678,1,-2.342284548628114
3297502,0,-2.3390371025044203
1890974,1,-3.2705449596140133
2749497,0,-2.229723339513732
3850615,1,-3.511244529328101
2134320,1,-3.1251494197495315
453202,0,-2.3469452871175793
2887434,1,-3.215390932871357
2784171,1,-2.965349478570209
3838086,1,-2.5648675211438197
2232444,1,-3.0449406984555614
2878438,0,-2.51655511816762
2654169,0,-1.9279669535748618
3021229,0,-2.2539722916582106
534476,0,-3.0507019419795456
2039515,1,-0.9948450454082814
2169477,1,-2.962225494180746
1165125,1,-3.3255511513017972
1877638,1,-2.3326735372858742
533842,0,-2.5495179562291637
3768526,0,-2.6606350633190274
1255304,0,-2.505419333459826
1824383,1,-3.2621234611151766
842274,1,-3.624329399815735
3047159,0,-28.688361656520655
2555606,1,-3.3814509437504827
2760719,0,-1.7005802826212835
3763088,0,-2.849141702058661
2859439,1,-3.3777506758647933
266507,0,-30.74354634073495
3288689,1,-1.9009343278933164
2439281,0,-2.572345827301524
3650832,1,-4.651099208733939
1253417,0,-3.0308525503731722
2241172,1,-3.2633024014646357
2589850,0,-2.265180565803555
499450,0,-1.8636078324966265
2040233,0,-30.791684502777105
2760510,0,-30.7656483914032
2748284,0,-2.778809689650902
2699203,0,-30.84872602577908
2847313,1,-3.9576237165493775
860022,0,-2.1756068676937885
2521429,0,-30.654825644039057
1816209,0,-29.39327134190026
225645,1,-3.364119223051617
3310325,0,-3.0341639465311143
3688297,0,-2.610927682475407
2558226,0,-2.2535938975830057
1567768,1,-3.1642777405702627
492771,1,-3.628791043825657
2965856,0,-30.688509269120328
3394141,0,-30.626046600742793
2239145,1,-3.820685149725395
3749761,0,-2.3430168477545044
2727696,0,-2.9013534094112345
1943865,1,-3.388535066594361
1359415,0,-1.4165448456091885
1918402,0,-2.7745988916689917
3933285,0,-29.446015522717925
2988454,0,-2.5364590762512993
3450934,0,-2.1714095517012253
3744379,0,-2.628131284284437
1819763,0,-3.056680736776153
1440621,0,-1.411681424457942
193211,1,-3.8809409583648318
709437,1,-3.2096812186732646
2110294,0,-0.020264018239474713
3728173,1,-3.233753403411166
1235277,0,-2.423690940093203
2994315,0,-2.40713783296498
945463,1,-3.335669334597564
2484006,0,-2.279633107827318
594681,1,-3.6492315140618214
1867711,0,-30.233028920987987
1222055,0,-2.017141034881002
2548364,1,-3.7505352575696604
3494015,0,-1.9666930423404807
937553,1,-3.405549703550027
1715216,1,-3.266518329335039
1602051,0,-30.92009893306529
1842346,0,-30.40606778927357
1057611,0,0.48919319657571336
1322749,0,-1.6549321873802745
938830,0,-2.650528373564148
3467003,0,-30.216760668462513
1635837,1,-3.2061672509349917
208863,0,-2.2406627459676205
1882503,1,-3.959742276069238
2152181,0,-28.512495244003734
3894619,1,-3.5523692565055143
2605915,0,-3.280132307992871
233947,0,-1.8947980659722576
1989739,0,-31.0302042089736
2174750,0,-1.5866468370746485
1245529,1,-3.960699223636488
3187337,1,-3.160611153621614
2106952,0,-2.5538692677599224
3327591,0,-3.2077904530441734
346718,0,-1.8102706777019284
2936460,1,-4.302134094686303
471760,1,-3.477144739474325
488268,0,-2.2142776834776896
2198012,0,-1.1575426263589454
1151662,0,-29.105615583432073
1060801,0,-1.9007992855995428
3495472,0,-2.573366300775634
1234175,0,-31.6103434260842
3537762,0,-2.1995316189130434
1339388,1,-3.7025764659696865
2659412,0,0.7313846474613037
3921168,0,-2.830632730470576
2738857,1,-3.6295096724880755
1068298,0,-2.8830752688177217
3502222,0,-2.5606670237742244
620343,0,-2.124874621259552
1582729,0,-30.151222684659093
822030,0,-30.074978245896922
3106620,0,1.7004794903221678
2148301,0,-30.61384243185728
3430822,0,-3.08015537777052
3699480,0,-30.719319664678423
1525841,1,-3.6385165150247047
1611508,0,-2.4926278136204054
714120,0,-2.784733395444227
2106718,1,-3.1193785934319904
222206,0,1.1051503652514418
2702152,0,-30.9770980298758
2174582,1,-3.8423351753928596
1341960,0,-2.6256787104441814
2666015,0,-3.1278435791983217
1326301,0,-30.968477273053377
2722241,0,0.7060970577689081
2929517,0,-31.713155915954943
445915,0,-2.0896755454536105
3463292,0,-2.6445743152507677
2202836,0,-30.55924491326405
492688,0,-1.9944202925065495
551282,1,-3.6081460239237835
3686209,1,-3.2052794839045595
820613,0,-2.215768031496427
3174866,0,-2.3704000198322572
2977877,0,-2.844762280107432
1534822,1,-3.0865962607034305
558659,1,-2.4591535232195936
2407359,1,-3.4172213586740905
743171,0,-2.319041304802127
1868457,1,-2.134309528672295
596505,1,-1.9887813605169349
3219854,0,-31.133613588125627
278962,0,-2.3047179613077797
412975,0,-2.4385999615193366
3668063,0,-1.5305832632253615
2898607,1,-3.586958704342944
673494,0,-2.022313707809528
2904451,0,0.7398317359922741
2245568,0,-2.845243244344435
3434824,0,-2.8350083154808914
2636297,0,-2.9817481858569224
3503090,1,-3.259091755856278
2903006,0,-3.4997386958036034
3312302,1,-2.423660365048841
2480262,0,1.750693383490093
2041118,0,-2.926652100400214
3309191,1,-4.195450514192941
3898845,1,-1.23673028978567
1570962,0,-2.002811241796205
3342617,0,-2.7174549868901265
3417311,0,-30.65377741626502
3364178,0,-2.680617002518482
3127730,0,-2.4829273021085396
3773007,0,-3.248358585378979
1091450,1,-3.122521521450685
1126178,0,-1.861759551341589
1631068,1,-3.713545498826486
3929417,1,-2.9617334111200235
1113144,0,-1.6946022542396117
3007535,1,-3.1056752828002874
2921546,1,-3.8093121400407206
2803942,0,-2.4064419761778524
3362848,1,-1.8655304468669076
3072859,0,-30.49971613191941
2830327,0,-2.4855081349728048
3874526,0,-31.621433213430464
3036054,0,-3.0398160429357635
1398488,0,-0.015492510425138328
583433,0,-2.559160228392309
1118928,1,-2.7398869688252634
3033291,0,-29.705241362942562
1501306,1,-2.8385415702969716
2220324,0,-1.6488718316426536
3547175,0,-30.47912494274523
2715564,1,-3.2122388303587015
3082370,0,-1.8377001554650474
2428026,0,-3.3822578611686107
2751483,1,-3.6654740912155117
389464,0,-0.061786543116230996
2765646,0,-30.13384219690862
3781681,0,-3.2586861054958294
2127693,1,-3.495545762009564
2973333,0,-28.83979375299146
1338374,0,-29.203873615804753
3415020,1,-2.9090600598402716
2724412,0,-31.205547475676482
1046061,0,-30.286081256849613
1668295,1,-3.5953042047732895
810910,1,-3.2864161255168858
3080016,1,-3.734593838404306
1294061,0,-2.4269590413368523
1488681,1,-2.66508805188913
3153994,0,-2.640346035160101
2403158,0,-2.6940667522071053
394165,1,-2.394430500435028
2481851,0,-30.075840869295572
3713924,1,-3.6261724854667916
3676412,0,-1.7767951499169297
890216,1,-3.3658110304688567
2264736,0,-29.839940403951275
3692942,0,-26.669625413348452
3533515,1,-3.2760638516122613
3339471,0,-2.4058572694739593
2145782,0,-2.18262231474116
2105057,0,-3.4098749351682955
3094250,1,-1.9511623914515996
243942,0,-2.496585857679753
1890649,1,-4.54307062639748
3680669,0,-30.29174226019459
522938,0,-31.11473227117678
3679663,1,-4.363273534745062
1232111,0,-29.14313108770548
331113,0,-1.7195969218183516
2580228,0,-3.110881838595923
1637819,1,-3.910704931844093
2198596,0,-0.27563638296683174
3661492,0,-3.665236039164783
3718607,1,-3.118028771432993
3359063,1,-2.4668909872239775
1141279,1,-2.771028461390719
3694450,0,0.6665343330493366
333333,0,-2.3023183596310526
3313163,1,-3.0672863809347124
3434765,0,-2.632618379142023
300818,0,-30.7371065288067
955635,1,-3.0782574897824877
862533,0,-1.8435384389448768
3338610,1,-3.7708796691211246
2444807,1,-2.719148350351866
3502545,1,-2.636592705240802
1558912,0,-3.441408194952603
3669051,1,-3.2491752113428554
1479451,0,-30.342718790748847
2901090,0,-2.2907933748831018
802416,0,-27.457057409545556
3938503,0,-2.3858320662778967
1789406,0,-31.254628829856486
458557,0,-1.7221918490474821
1091443,0,-30.80941454787533
1687290,0,-2.0261576184203878
1533230,0,-2.0310556616702673
3055222,1,-4.170016788495427
1698058,0,1.4279515795039122
2409541,0,-2.3200022368437105
632320,0,-2.1636548804549847
1260465,1,-2.2816164910970604
3207445,1,-3.2689617820653685
1417573,0,-2.0702200164100635
2188522,0,-1.3851227423890085
1479718,0,-2.1792078621539677
3102715,0,-2.636132468767001
727453,0,-30.70216579912578
2686725,0,-1.9043049420080829
357904,0,-2.230466774710896
1549449,0,-30.764837754450365
914315,1,-3.3834670899632755
2708940,0,-2.797271983227026
2264386,0,-2.8254108253932015
313326,0,-2.2714027110637796
3764408,0,-30.659705447959244
2480346,0,-2.443037082078124
3533175,0,-2.728566898141235
3791034,1,-2.629839058569595
3913419,0,-29.988746850309102
1039550,1,-2.988199281770602
3756316,1,-1.770328025865373
2995539,0,-29.545406527817153
440351,0,-2.1681088440070564
2173127,0,-29.84012425816115
543155,0,-2.9063383406824754
1428925,0,-3.045283007054527
3201461,0,-2.8327511680740542
473521,1,-2.5624428594288577
1612904,0,-1.7237075394315082
1832979,0,-31.195308900884847
3914663,0,-1.4964078562147582
2555218,0,-30.652824955108823
3115142,0,-29.052318594283186
1730540,0,-2.887974781926164
901353,0,-1.8445183765375208
960752,1,-3.3936199660026833
3912919,0,-30.363031504234325
2519491,0,-2.4915643732222263
3748071,0,-30.08647268609737
3924933,1,-4.213417856918321
3095274,0,-31.046789686233396
1578176,0,-2.6746245981911625
1318065,1,-3.024947789543533
1377825,0,-2.141439235631874
759804,0,-1.6466806472111408
1513906,0,-2.458002658375379
3393200,0,-31.29862456253563
2704646,0,-2.5773367895751895
1040975,0,-1.571742691674058
3052203,0,-30.665271952348593
761163,1,-3.4509025052252666
2245212,1,-3.1326678710804017
3832079,0,-2.6997320775985734
3735506,0,-2.453454514521236
2725975,0,-2.7210371066508343
2557260,0,-0.8091714956366042
3728957,0,1.3412386240296241
3908579,0,-1.810760916876168
2527272,0,-1.2258886160385805
3795920,0,-30.302160965003086
193815,0,-29.923195413329957
2571754,0,0.6117061109590327
586365,0,-30.601052925538788
3232080,1,-3.052627561599952
3030501,0,-29.83949014649116
3414985,1,-3.2648007298135293
1443612,0,-1.9563254732577606
2563633,0,-2.393620956564913
3069670,0,-1.6603638815359947
3303803,0,-2.7808748507517094
1788532,1,-3.529798331999589
1124997,0,-2.3316799730175077
308822,0,-2.3720268650229843
1199023,1,-2.5419007875087933
1559245,0,-30.02835675696923
2452422,1,-3.1952820147239165
3959135,1,-3.787641361154406
474773,0,-2.039347362692094
1451937,0,-3.0077520227746595
734114,0,-30.801381806942224
3245694,0,-2.8189093709775133
1325034,0,-1.4575198854444318
1067352,1,-2.64822709053092
547867,1,-3.1255014730375508
2005295,0,0.013041432306395428
1808641,0,-30.788664324630087
3142651,0,-31.338362165950617
3651327,0,-2.473385683475462
1096369,0,-2.2087163061309325
3152114,0,-2.1762417827227574
2195100,0,-2.7305827043416233
1001489,0,-30.267779922378004
707542,0,-30.208678125912623
2201833,0,-2.012482066833031
2868498,1,-2.4643379187011853
855408,0,-2.288867170060824
1767701,0,-1.5803858523485326
3889290,1,-2.868741602655734
873847,0,-30.590260489342253
2777306,0,-2.0645467760184237
3355089,0,-3.108441274184008
921184,0,-31.42057097455599
1165523,0,-1.8143534802465857
2136278,1,-3.773486120584708
752032,1,-3.5561115536889814
2230677,0,-30.885971246126136
1589958,0,-1.5032849838074236
270266,0,-1.6785365474200622
1866310,0,-31.24575708345864
1771906,1,-3.473437643938789
1878327,0,-29.855474772689426
830045,0,-2.112626829131811
1256479,0,-30.580441164089194
3836845,1,-3.9028114172072326
1382564,0,-31.9319489318209
2544037,1,-3.027086568330895
3416703,0,-1.6647547681423438
3365064,1,-2.568473405179922
3534179,1,-3.4277925315387967
3164158,0,-30.819324119639862
3403779,1,-3.190117889917706
390308,0,-2.8627497524903247
458815,0,-2.902618544047188
1882639,0,-2.8570664584886947
2272323,0,-30.79668622879612
897138,1,-3.6092691651972104
582818,1,-3.0959376286549576
3527440,1,-2.139229576674306
3196653,0,-29.988870932352068
1114615,0,-30.167195130387306
2411377,0,-30.707035762554547
1722831,1,-3.530939998357092
3483523,0,-1.3148333476923586
2890364,1,-2.539257961536974
3481014,1,-3.2343706019993386
3500952,1,-3.429596312587256
3793319,0,-2.731841981257358
975323,0,-30.572620724030408
2167313,0,-30.265628264085944
2675008,0,-31.377339218828332
1227388,1,-3.963875531557475
3912893,0,-1.161519898474595
1476909,0,-1.156957077847972
3330746,0,-29.72969439534628
2689103,0,-30.526721311779607
1991443,0,-29.677921043071102
1495297,0,-2.311150765467472
1313854,0,-29.30052117532141
2013740,0,-2.336899919475666
2993699,0,-2.216564873369829
3037865,0,-30.134434833687692
1789593,0,-30.160044274035293
3947325,0,-1.6678129561608965
474806,1,-2.7107013009649066
3315652,0,-30.216285637391593
1562878,0,-2.6420237816571444
2981873,1,-3.4182703843574465
225637,1,-3.4323810255502716
1287539,0,-2.442746015295892
2498774,0,-2.174293497137543
640610,0,-30.279118549183732
3803526,0,-30.28406199402498
3237451,0,-2.07996728389515
2470498,1,-2.2306829735867972
3952069,0,-2.9309320491985864
3410456,1,-3.5987892434824698
3918479,0,-29.865564995347782
1945742,0,-3.5958449443618052
3337492,0,-2.1881977401660997
1878711,0,-1.8821308098880596
1675297,0,1.5836061585382084
502775,0,-1.9417308876446921
690976,1,-3.3816558089894277
1375623,0,-1.9182261872484228
3758795,0,-1.7234574207329234
1413610,0,-30.942397049169266
296544,0,-2.9491293592061143
1444467,0,-2.652199957414028
493827,1,-2.7417977629495325
2620122,0,-2.197057470313492
3803950,0,-3.3918817341155862
3346473,0,-2.2740165081311914
3396570,1,-3.4739775581379058
1862383,1,-3.4494233644114116
695206,1,-3.4955622452981525
1414148,1,-2.1593024091511843
1345418,0,-2.4961239213750437
2241679,1,-3.8360347796736636
1327847,0,-2.281661805753177
3016061,0,-2.2114185924779015
2921666,0,-2.863038586005317
810705,0,-30.73446965663829
3468052,0,-29.58552144077077
2720115,0,-1.4592146718370853
1411039,0,-1.992145149209152
1630680,1,-3.213720322986419
1460014,1,-3.3621870230076056
3390579,0,-2.1521827172395307
1369153,1,-3.204553214727859
1037968,1,-3.513692115491821
3073016,1,-4.065897230285712
3063461,0,1.020785228107016
3544398,1,-3.3842522968588735
1081801,0,1.0364835102967245
2172517,1,-2.9322280737528086
3224634,0,-2.5065976626433915
1700142,0,-2.2872942830798513
2521210,1,-3.7206571008191975
2991210,0,-31.075578216529696
1919775,1,-3.7122894493742558
303969,0,-2.8156457870448204
3424057,0,-1.5742626298883065
1145974,0,-2.8588333365508416
3925822,1,-4.050265763684429
3706219,0,-3.004655898960226
2286118,0,-1.9905835211565694
1011161,0,-2.0537020100559804
699173,0,-30.319712923501722
1815861,0,-30.905028516543556
450552,0,-30.531778448020575
2558654,0,-0.577352068586695
2248779,0,-2.7530218655184426
2777827,0,-3.389505304541025
3686108,0,-1.8187621213674057
3133994,0,-30.501746693985705
3104296,0,-1.822156382999328
2841325,0,-2.6530552866189785
195102,0,-2.0464567057704484
2827190,0,-31.08162755543973
653183,1,-3.435005328573965
2577499,1,-2.1247723987148133
291717,0,-2.043402767450482
3208610,0,-2.001278478544006
245688,1,-2.9831479458088395
1978363,0,-2.1201143285842656
3835972,0,-2.3596720465605956
493822,0,-29.923671805418547
2814893,0,-1.8823049263831066
1249821,1,-3.533663739447049
3295521,0,-30.62289505627462
3270057,1,-3.2382595316653067
1762317,0,-1.9715367711064755
3428163,0,-2.5690284544852706
245021,1,-3.2431975734825222
2149857,0,-29.421352208368372
1262593,0,1.5798841150294627
1449622,0,-1.4453843693223931
3750321,0,-30.119652850014745
759538,0,-2.705312755271449
1674670,1,-3.7736702342073567
949410,1,-2.8971142273302353
1756803,0,-2.938316152256083
3437015,0,-31.881836568298812
1939398,0,-1.528390833015351
1869495,0,0.19115869849675304
709149,0,-0.7031228143397865
1724402,0,-0.841651880071738
203810,0,-3.0296858092963883
3488285,0,-31.006746006593236
2238478,0,-30.41848978523952
2219709,0,-2.4530882578352173
2044228,0,-1.311469386830925
1380510,0,-1.0108464074517924
2681715,0,-1.92048861850972
1396201,0,-2.3520183130909977
2185655,0,-1.5532027414408316
1427496,0,-2.1868341023965194
1767069,0,-2.425541086178301
1919321,0,-31.292963237068783
620875,1,-2.843616080724614
2053068,0,1.1154294041133768
2845610,1,-3.2766856497289476
2586098,0,-2.961797442547298
715515,1,-2.5057129770316244
373606,0,-2.182962211870651
2797604,0,-2.297784213146868
218889,0,-2.8743441116927886
1548703,0,-30.821099423751495
2624744,1,-3.871396684468165
941108,0,-1.9533866780678368
1743399,0,1.317294166479999
900122,0,-1.9241794157763705
827886,0,1.717221323746813
874798,0,-31.151976897894563
3802123,0,-30.033298983641192
1891400,0,-2.4825090861556802
3846059,0,-1.5283175924315426
3189786,0,-29.953401635426474
2792194,1,-2.6440655110994826
1261832,1,-3.1326588294066284
2256072,1,-3.501042906191959
957531,1,-3.056172845304892
476649,0,-1.7498708071386475
2658035,0,-1.7345687257598612
2268524,0,-30.37534222085462
525680,0,-3.140094406925498
3376423,1,-3.783352306074047
3299729,1,-2.8597183415515084
537759,0,-2.1422059027039166
1648411,0,-2.3730908771025034
992113,1,-2.7454378748685833
1978651,0,-2.7385523113073766
2490643,0,-30.668508802757792
3797280,0,-2.7714754108256794
674300,0,-1.2666055675463397
3759131,0,-28.973538771217942
612842,0,-0.25668992046885175
680292,1,-3.633345030388825
234362,0,-1.2932669192150852
2495189,0,-31.13060839365456
2542968,0,-3.0124065671289415
2879947,0,-1.7224768228834562
955274,0,-2.0517354453915173
1252185,0,-2.7723177076510903
1596293,1,-3.427395048984092
2190079,1,-3.355856434967411
2416264,0,-31.0503322983604
1372406,0,-2.190097201466533
343035,1,-3.7457153427420082
2252419,0,-0.8121656941544997
1331655,0,-2.4193864637773554
3092254,1,-4.13928190933505
1266986,0,-2.3464882634895576
960057,0,-2.228974160849582
1120837,0,-30.79470365177577
409880,0,-2.479151039655156
475796,0,-2.006260942596257
465648,1,-3.5160723792261743
597504,0,-2.2759395796576456
3204318,0,-2.0396434961350653
688754,0,-1.1316200946047708
3329870,0,-1.9916213766578654
2169718,0,-27.170629408437666
1441768,0,-2.701374156595782
1724490,1,-2.609730566682634
2518566,1,-2.757417886775791
2281759,0,-3.2208975930229853
3428972,1,-2.2648509280444813
2221202,0,-2.0520377986792426
3199319,1,-3.632494397741225
2468265,0,-28.77796571241682
1507953,1,-4.09628106490532
3340294,1,-3.983000327165481
3382776,0,-30.344049630731938
3091756,0,-2.54942024097829
1981151,0,-1.7145561105135259
2892095,1,-3.262750854398099
1811119,1,-3.5000457651629615
3466906,1,-3.6683988109932506
1387794,1,-2.668957740423763
627397,0,-2.449853796115902
1151513,1,-3.2659835212202393
1916331,0,-2.3695989189550635
676328,1,-3.6124808601432874
2920073,0,-1.8268691001686599
1848077,0,-2.706057042076615
3719615,0,-2.849478852177701
3656090,1,-3.157689849784445
2483201,1,-3.8252849182065356
2233954,0,-30.619864887841366
3936011,0,-2.59322532338375
2061171,1,-3.3504589473722546
2796142,1,-3.687601308009568
2752756,1,-3.0350110239358066
1760692,1,-2.9286549714255194
2694087,1,-3.719255428921729
596878,0,-2.488413043681665
875548,1,-3.54816342252062
2926128,0,-2.6709028110807136
1777106,0,-2.1547675543418263
1360702,0,-2.046454549829562
3103247,1,-3.194630975129106
1610692,0,-30.492336700290984
263665,0,0.11629498599337362
2835621,1,-3.551474390661072
964404,1,-3.3578068634592992
2624193,0,-1.8238834058924804
3763713,1,-3.1313311792809047
2218716,0,-1.8417404511518818
3752219,0,-30.98479074751468
964989,0,-3.1431190473848143
1232056,1,-3.0471005185987075
3657624,1,-2.1647508804591604
1828613,1,-3.2957444589967446
1947664,0,-30.423510802517274
738890,1,-3.7509073300696127
2859830,0,-29.25044488420134
2716532,0,-30.22946971744626
2230500,0,-2.943070850514973
935909,0,-2.92850774276985
2544667,1,-3.6133027412244094
3214549,1,-2.997401518894522
980387,1,-2.4469981934512455
3664911,0,-30.397201534149918
1758759,1,-3.3924534474687156
1729720,0,-2.6809611558581072
2240280,0,-31.195959527225217
3215235,0,-2.140669265355277
1327314,0,-1.844182331641475
3103369,0,-30.334228700141235
1344814,0,-2.314279038138268
1050235,0,-2.179336056781479
3175865,1,-3.910432454496249
2805269,0,-2.4467372833762333
2857160,0,-2.5370845296971893
1829539,0,-30.219718053595628
2469115,0,-1.840102231192214
2753885,0,1.9393262757267273
2970057,1,-3.5212399073694285
3119564,0,-30.76451134161604
3390954,1,-3.2693746408031417
1419418,1,-3.8768393676498887
3245747,1,-3.7886501005067
3761436,0,-30.026323365716216
1623772,0,-1.1739943923592546
1123322,0,-30.35438607262753
3107693,0,-1.7425084666815573
572180,0,-2.3383517711826176
2999227,0,-2.9493040162888438
3083403,1,-3.1230395394080115
2393140,0,-2.2376052475702393
3093191,0,-30.630559582814485
1386132,1,-2.3191167424869166
2219760,1,-3.840603667147278
2002546,1,-3.2052148929421076
3330487,0,-29.86910051293892
3704812,1,-3.3747055404024433
3190931,1,-3.0796761544934563
1309666,0,-2.1121691919555308
2056068,0,-2.137021753410387
850957,1,-3.413499419359498
612157,1,-3.6949604092521358
271359,0,-29.928515180716918
1290617,0,-2.6723186424077405
3359751,1,-3.376604287043849
2225484,0,-1.9099645904057465
689791,0,-2.356303845350263
2019452,1,-3.320733221165739
1118841,1,-2.655243569019744
1493281,0,-2.750887927307292
921350,0,-2.2879084790528195
3868688,0,-30.70955234458316
968767,1,-2.7713117823508
289766,0,-2.1024731496753724
2207916,0,-2.610862965723904
692104,1,-2.1466692883221996
3718202,0,-0.3818395016395208
1969918,1,-2.2761347472128577
3533292,1,-3.4561929508315488
1477585,1,-2.698562863042195
1485627,1,-2.4951919994161527
2863971,1,-3.965529419062219
1302455,0,-2.585295495084625
3163798,0,-1.508768855084193
2246359,0,-30.943133535345325
2641689,0,-30.915470408393702
2409161,1,-4.349909474615534
2712417,0,-1.8966523020371577
1776990,1,-3.362445133009873
1767271,1,-3.066662882796185
1382607,0,-30.80820374292575
2185936,1,-3.607099553860748
2114811,0,-2.40912286758603
2664060,0,-1.8774336777087446
1462750,0,-2.7882452902712425
501869,0,-1.8436700256803675
899994,0,-1.415171237115758
1148998,0,-32.01965907414868
521414,1,-4.07223310288553
1486914,0,-3.2668992265347203
3476152,1,-3.946087587030639
1608233,1,-3.0871700645510165
1387030,0,-0.4213918233714996
2627568,1,-1.9707703515385333
3164874,0,-2.293330558458271
2712213,0,1.3925979895091865
1919508,1,-3.450576701616747
1044717,0,0.7490043932208774
1076149,1,-3.6740678246468947
3053178,0,-2.760573312395992
1337452,0,-1.4343025579739708
3259265,0,-30.41153767685211
1336136,1,-4.252495408209889
3068309,1,-4.1259506244076825
3095100,0,-30.87117945492196
1972496,0,-31.668206412064393
196923,1,-3.581874289892727
1155519,0,-30.8993824796446
610130,1,-3.494226516354642
2854826,0,-30.333823320203354
3387826,1,-3.63467448286249
2624196,0,-3.0320461051302496
3443376,0,-30.841836258731497
2542461,0,-30.985144919026947
1405073,1,-3.360785844361086
1404414,0,-30.614159809183974
352021,0,-0.93431354039349
1207114,0,-2.218133691841351
466862,1,-4.119793074748203
2704067,0,-27.13456854352312
593151,0,-1.2389131899921961
943195,0,-30.042057997039127
385495,1,-2.9199159465079405
3373461,1,-2.8808423045016385
1319323,0,-2.468455728421401
3108013,0,-30.103766561757052
3266493,1,-3.1419113344681824
1158829,0,-27.14964686644494
2126088,0,-30.941191692946322
2841125,0,-30.84978564523407
1212737,0,-3.32327807559604
3103463,0,-30.963637873907206
1867169,0,-1.763103395612751
1792204,0,-30.884675900434857
2409574,0,-2.157885991269269
225889,0,-2.588299865920691
2105398,0,-1.853564704318943
567016,1,-3.442068307465352
3865826,0,-2.2191019232079396
1498511,0,-1.3579626133324398
2892030,1,-3.233028233964508
2054856,1,-2.6669449425553893
3960492,0,-2.676024408730385
1418012,1,-3.3460844079418925
637475,1,-3.649964706727351
2660497,0,-2.5103327814959235
743603,1,-3.976360206066683
3892250,1,-3.74687039971224
1513333,1,-3.542237150081913
935008,0,-29.56023665300654
1841761,1,-4.137816220223273
1985251,0,-3.092387731717837
1549437,0,-3.4476182912543627
1065311,1,-4.26937005460546
2287009,0,-2.8773656101845377
3957488,0,-1.2614738103849812
1336635,0,-2.293455872143588
3758203,0,-30.562301839453383
2758319,0,-27.29425409028065
1817456,0,-0.9754857694171027
926594,1,-3.551045355974279
521697,1,-3.029848275548593
1615924,1,-2.629296428108864
295547,0,-2.382638244137198
2765078,1,-3.106881745824055
3360444,1,-3.7596497648342453
3374544,0,-29.755800675113925
3116431,0,-1.4730775135637828
3730133,1,-2.249483757315839
1435925,1,-3.3765959037230133
3400251,0,-2.9904176613392
1008446,0,-2.636502426945304
2122102,0,-30.013026785314022
970607,0,-2.035704410087833
1046353,0,-2.4851241879158743
429274,0,-31.028197054356284
2016121,1,-3.3073107348295845
1644336,0,-1.4519761187637448
3030656,0,-2.4667686289690427
252220,0,-30.433801122141965
2038214,0,1.4857913469166202
233042,0,-1.0162882600907
990431,0,-1.562719675483336
609773,0,-1.470609327361139
1677821,0,-2.4636804443137117
1388194,1,-4.470591518329384
3438947,0,-2.1139660217796927
3244311,0,-1.7107226959803086
3756046,0,-29.7969678227107
809609,0,-3.325604732387786
1135798,1,-3.471304081038325
2659478,0,-2.7462278875413038
1980681,1,-3.0341871471002975
3433246,0,-2.6700278601211216
2265454,1,-3.421493885622154
3113445,0,-2.381890634678429
2899961,0,-2.102707560337832
337563,1,-3.7394913751162395
961866,1,-3.5109882507625403
1599779,0,-1.0378562433805731
2621703,0,-1.58622023037383
2249535,1,-3.784991266597912
3244608,1,-3.6142120489402916
760749,1,-3.92547761947328
3864768,0,-1.4193404232030853
526026,1,-3.3787753784007672
3914814,0,-3.1904465075548214
915219,0,-2.4561399441869898
403429,1,-3.562033350128171
3306520,0,-3.0208778980427686
888497,0,-1.6427801855554325
3140646,0,-31.340010416606475
335685,0,-1.269289753158018
424982,0,-31.161656642201677
2913476,0,-29.798548880387983
465403,1,-3.8135915725764105
2856202,0,-2.9593883854853424
2063077,0,-2.3702678863932167
3763988,0,-30.167726373731686
971080,0,-2.4064550018037516
881834,0,-2.2257612779364293
2037107,0,-30.6972057298262
1618418,0,-2.687609265642342
838197,1,-1.9824123402941303
430297,0,-3.0331447792540867
1967698,1,-3.734947099789186
208555,0,-2.7808517838939792
3328501,0,-2.7874759907639164
409468,0,-26.66278108257592
2649987,1,-3.4274788493672363
968617,0,-3.111772955674187
2551646,0,-3.0850089404951975
2879424,0,0.4708710117752947
3763795,0,-1.0819554371543694
2445158,0,-31.106471191967906
2566269,0,-2.330122023801832
3794408,0,-3.092384344344903
203801,0,-2.4801286918103007
1431435,0,-2.3379089477261883
2884616,1,-2.4810712585159913
3779848,0,0.9736561085699396
2911521,0,-1.6866581729306547
213821,0,-3.0982455503053603
2170435,1,-3.2738657590740976
1680802,0,-2.1369053413279873
1824163,1,-3.6462358235182433
3248345,0,-3.3555372043745795
353431,0,-0.6408039620591341
1729651,0,-2.639523559192006
1412479,0,-29.923351136083756
288310,0,-2.541364412918065
2833606,0,-0.2042262747805315
601262,0,-3.1027712554976454
503112,0,-2.331909752806368
3266782,0,-31.189496483151895
437108,1,-3.965920871945018
1899261,0,-30.501273086441344
1938244,0,1.3108881344687837
1208381,0,-2.080507954846201
1680629,0,-2.2652333525228534
1112267,0,-30.56816709215367
3360554,0,-1.3199264092371106
2865653,1,-3.6765655903771246
3437139,0,-31.59548080942594
1222420,0,-29.946412547319802
2821054,1,-2.9672646920600947
2543805,1,-2.2427267492763536
1446351,0,-30.800909058520823
322779,0,-2.3893823282377022
2877582,0,0.19323843355448717
353896,1,-3.600760932007356
2513813,0,-1.804546166044743
317146,0,-2.3684985919304085
1975316,1,-3.2648075600410604
229097,0,-1.6988393338699237
3471963,1,-3.233473985297793
1091351,0,-2.302318318356817
3144422,0,-2.6314952443579025
3776912,0,-29.630729839762942
3501708,0,-31.39364921842169
3322022,0,-1.9451665846636477
1208916,0,-2.916943673089711
3397804,1,-3.7953371922725845
1544734,0,-29.46947435314243
3490609,1,-2.6456116017562037
2157504,0,-31.029528471513622
1064880,0,-3.262662128910091
1349497,0,-2.9845995970941943
2551500,1,-4.169840539596018
652342,0,-30.467808660302932
814806,0,-2.7000790224819338
1664515,1,-3.6796420054449706
3744292,0,-30.689260430332375
3432689,1,-3.3883390759737706
3519366,1,-3.669510559471204
2118805,0,-30.36204631318392
2170686,0,-2.1431758171829527
1401004,0,-30.217812214770735
3230394,0,-30.638392812231316
761413,1,-3.5650228806570414
2474578,0,-29.807280836726076
623306,0,-0.9819645243504154
3785038,0,-3.0565847736598313
2033705,0,-2.5592024558478883
2570660,1,-3.8039650777614913
584657,1,-2.246047116475105
461182,0,-2.9236460014981938
3310747,0,-1.8311560177860566
3885738,1,-4.204839198701521
1676600,0,-2.9723015563139508
3427519,0,-30.969064710648496
265152,0,-0.8665855376267833
2531862,0,-27.094737028871926
1452849,1,-3.37629114915445
937636,0,-30.4784825610423
375395,0,-1.7300735343403313
3469968,0,-2.193448315551458
1268853,0,-2.5721754188080785
3131927,1,-3.387861333051738
2995987,0,-2.3140909387428943
2434725,0,-0.7939968232780804
456462,0,-1.459011517062778
522716,0,-2.8064433076233244
2000146,0,-30.64882249345529
1411867,0,-30.250763943357494
1548960,0,-2.004095377314921
2565165,0,-1.9376897917350964
687860,0,-1.039148410056199
1752213,0,-1.8750612243462172
541638,1,-1.8922601634609193
2730684,0,-2.5931244867121968
1073793,0,-2.116811392235824
692745,1,-3.2276437805168547
2638608,0,-1.4721563658968568
2902874,1,-3.2810855099550977
2436315,0,-2.453037161446824
1876689,0,-1.8452039204333097
700622,0,-2.281738690637289
942442,0,-31.638060683682486
1575364,0,-1.4711750649672586
2729259,1,-2.8111607533779828
3656900,0,-29.717774059222194
1960483,0,-2.457351468094935
551980,0,-1.7657611864031872
2805331,1,-2.4214995757652433
3878455,0,-3.110710273703626
3377343,0,-3.260269304540781
670595,0,-2.6347411913809147
2721458,0,-3.0717232351140744
1350042,0,-1.9919560899215925
2508550,0,-30.647446547851644
2725637,0,-2.802010201767728
3086019,1,-3.767974696830052
3098608,1,-3.1688272202065484
932962,0,-1.9842228391936285
1004733,0,-30.869710182732096
1352712,0,-2.196179853572362
231269,0,-30.62747858659303
3833570,0,-1.8663024387051637
1224291,0,-2.5302230565741803
285010,1,-3.0699654536332694
3444031,0,-30.694034875055166
3696867,0,-30.6984543380896
931242,0,-3.2729454049408253
2469082,0,-2.5386505938156367
1156169,0,0.33844248642412716
2205334,0,-28.804693785722414
2676051,0,-31.24702176769549
497397,0,-2.323796861966174
3389969,0,-2.4757732790757316
3752153,0,2.528947088293333
1227577,1,-2.370566992597744
1275335,1,-2.7223808882608087
1345687,1,-3.8040224278473294
3009830,0,-30.55749385034598
3797268,0,-30.921912940239462
2473548,0,-1.9351718069268977
2046514,0,-2.8713918880827274
1347078,0,-30.59100788053408
2494497,0,-1.4794253405348505
343630,0,-1.3368852823364428
1199244,0,-0.38460321240823486
1707767,1,-3.0025950301271083
3400434,0,-2.3180486932337714
1897770,1,-3.635498206586863
1717980,0,-2.6939979791531727
2683441,1,-3.740509195497017
3519808,1,-3.196532401939828
3264205,0,-30.347196508983306
1416497,0,-2.2936816101083513
2053021,1,-3.3618483784894972
1345814,0,-0.9346306479638007
2393867,0,-29.415757052270376
379722,0,-2.1046719126436386
3449261,1,-2.8652028474827524
3838643,0,-2.693180340615447
2589338,0,-1.9204719924312026
1255021,0,0.8142579506521122
652840,0,-29.703461978680618
3200908,0,-2.951194645309497
1918870,0,1.412094830294306
512526,0,-0.600750149732241
3205847,1,-2.377699887118594
2022687,0,-2.1548060081613345
2119848,1,-3.5138906671636363
1375069,0,-31.00991929620696
3035383,0,-2.703091045253338
608461,1,-2.6546963905733905
2844719,0,0.7285189310162455
3662036,0,-2.106999820222308
1560059,1,-3.2112106501182147
1375596,0,-1.044688122263164
3107431,1,-3.4855278031498647
469146,0,-30.154642627659705
1867685,0,-2.943624451536148
2467329,0,-2.4264503566171167
3326987,0,-30.045642713101344
2526577,0,-30.00729200853048
934168,1,-3.404086108997337
3716237,0,-2.1478201115690987
3127694,1,-2.820779817420695
921217,0,-31.27248606605232
2972467,0,-1.8441400128563428
3009046,1,-4.310043169869654
2531799,0,1.1668366745209433
984880,0,-2.359909097814183
1934780,1,-4.229515712733297
2620407,0,-3.1902099119106038
2050194,0,-2.3150181085689367
1275673,0,-30.756679494220524
706057,1,-2.6065576685979863
3284769,0,-3.3444256385008795
1630305,1,-3.532510021498243
3874188,1,-2.074728477663569
2124748,0,-2.8161545545893243
1530599,0,-2.221385751876968
1750937,0,-29.094337306668027
2129915,0,-2.2795078389321155
1404586,0,-2.7879559876116895
261884,0,-1.2454729523095691
1141242,0,1.5768498297305684
1535387,0,-30.116411723998777
979492,0,-29.750841295533206
2618017,0,-2.2237259193925505
470065,0,-2.101541808339452
3539067,0,-2.8338672449697837
820532,0,-2.854745987018888
3004731,1,-3.33129439096811
532034,1,-3.632122091421216
238076,1,-2.3003266129990516
2711395,0,-2.5781707517621664
2754919,0,-0.8608155659147798
1164205,0,-2.1460506840619056
715101,1,-3.4999302180414174
537748,0,-2.979041536834044
393619,1,-4.05873648651686
2863565,0,-27.823461229073676
3707991,1,-3.451679542371913
2548215,0,-24.134901505219624
2259591,0,-3.023188896953712
3762699,0,-2.7066723571155653
898103,0,-30.7848019120014
583378,0,-1.7030932608154503
941771,1,-2.876115979540765
1160744,0,-2.006265146743689
3204093,0,-30.14429665749553
3455705,0,-30.66347689837483
3176291,0,-1.5663482135689726
397665,1,-3.6187913062297414
749067,1,-4.067109105814605
3444660,0,-2.2364248574960737
2894558,1,-3.570674355910045
3896439,1,-2.7569876637005772
2765848,0,-2.298651549176936
3907304,0,-2.5369278826782637
443607,0,-1.9863041737600566
2194487,0,-30.326859673542955
2507566,1,-3.2550468121814755
2713591,0,-1.2495770981383494
243117,0,-2.2472663061034894
3547519,0,-29.323392743684213
1386073,0,-2.049111572211116
1701595,0,-2.446688781295843
1108566,0,1.669203523173703
733318,1,-2.501276789977877
2774787,0,-2.634847767349883
1908918,0,-1.940076699104075
432118,0,-1.7255031009359376
233928,1,-3.4612692255066255
1382620,0,-2.0914960460010805
1213152,0,-2.281564261865476
508765,0,-29.900107658939717
3238660,0,-31.23016352791932
445326,0,-1.76193527712421
3413536,0,-30.060944159963125
1364688,0,-1.4158493450031897
3011123,0,-30.223332162818675
3448718,0,-1.876752662562771
3746506,0,-1.8426424433305102
1028961,1,-2.8365171830081954
1325502,0,-1.2231262736111792
2016035,1,-3.6474329236853897
3180121,1,-2.9338253336390454
2770124,0,-2.2140434655146906
3448342,0,-2.420133759930249
3018044,0,-2.3834749113968106
3052637,0,-30.638667448983302
1204073,1,-3.3836572695956666
1013825,0,-2.2880968812850986
943038,0,-1.5306007443184997
3917158,0,-1.9914984139756273
420253,0,-1.9749000476295682
758835,0,-2.5117882247692878
1345660,0,-31.474735005930487
3901271,0,-31.17672084660028
1370943,1,-3.125726828468464
1498182,0,-30.811301123214474
1140679,0,-3.060677239925852
605918,1,-2.8789808935746404
3019134,0,-28.947749797848168
2792909,1,-2.391414806742926
3890534,1,-3.5817424480904605
2694795,0,-2.2236638025297917
2770184,1,-4.0673534865521255
3651777,0,-2.844238087216063
3721529,0,-30.269492179098084
1820250,1,-3.1958595797832285
2692873,1,-3.321457853817512
3436160,1,-3.428025375726863
660087,0,-1.6221590033349094
3893409,0,-30.511735793183075
1460170,1,-3.2555639376667065
3746957,0,-2.6143962692432625
3717660,0,-0.3538829066662438
1334215,0,-2.2458866312565644
324289,1,-3.7757327010462123
676579,0,-2.544925151183108
514758,0,-1.8504029252735106
3289519,0,-30.493840437565705
1397393,0,-2.711454511099364
554797,0,-0.8468115718192977
325014,0,-0.9753612033380522
1063366,0,0.4572108647128357
2032057,0,-30.27872503344673
2691980,0,0.20321869655440228
1295824,1,-2.923384057596892
1405726,1,-2.52819869419487
1877762,0,-2.4054586966462694
2136730,0,-1.9575772333865329
1839409,0,-1.0165009200848028
1555252,0,-1.961651274154618
3121353,0,-2.0929698685306852
1434222,1,-3.246834543716401
2277631,0,-2.3250063039003623
2644572,1,-3.726753789265477
732836,0,-2.0299155926156573
1060154,0,0.9342187862070622
3051231,1,-3.577899978514619
3694103,0,-2.51810865933425
1640298,0,-2.226104316813942
2009640,1,-3.5369169164257355
810584,0,-1.8124692812401024
3957199,0,-1.6496252483503488
3867452,0,-2.0123348439601068
2115586,0,-2.283525181440296
3395670,1,-3.408752233029487
2886561,0,-2.555575388100055
2556126,0,-0.9795073197207707
2475731,0,-3.436871251090863
3190764,0,-2.636015866157712
1203470,0,-1.8907992589293015
610247,0,-2.0753870663621785
1549993,1,-3.9489313107063206
1228444,0,-2.090574172509491
2971905,0,-2.8611679038530884
3784248,0,-29.75076371372826
3211975,0,-30.650292915314512
801941,0,-2.841218328909261
730698,1,-2.8878177619645493
230336,0,-2.877784825086792
1082062,0,-1.20273610847747
2188476,0,-30.778976327289037
322317,0,-1.4810286946080795
2218323,0,-2.34429753757044
517988,1,-2.794596913149739
1642929,0,-2.2947006976237136
2685846,0,-1.6615789397025247
2450367,0,0.29362227065966917
2549504,1,-3.963344128089431
3124958,1,-3.674063306414672
518953,1,-4.074730462494919
1752938,1,-2.2468401887484704
3359412,0,-2.7585520776991617
1565338,0,-2.059646332946339
419172,1,-3.7152338913373852
2542194,0,-2.3792327786116116
3707444,0,-2.8262716902389933
1196025,0,-1.2103018400096168
2576444,1,-3.170274764984288
2056632,1,-2.8955598648246355
2164135,1,-3.2923302171981548
3007035,0,-2.5400418112977112
633895,0,-2.7742600076013355
522186,0,-2.922815365101559
3071239,0,-0.8902507055693242
1824845,0,-1.8103612353057044
1908088,0,-2.4070843195531917
1194227,0,-2.6757988441786207
2471059,1,-2.903358407956798
3957411,1,-3.4291869161695083
971559,0,-30.496454909991332
2884534,0,-30.032996648523028
1637789,0,-2.9880968731632302
2548987,0,-29.996583070805166
2104663,1,-3.6995617410046258
1692976,0,-0.41212825775691586
521949,0,-29.53201691256936
2978613,1,-3.5725051605412927
2766590,0,-1.959639209722321
2707042,0,-31.3444114280846
1319457,0,-1.7372440793785393
2861335,1,-4.264734729525825
1873819,0,-30.09481727050564
3051208,1,-3.7024580159097953
349132,0,-2.0416607542004495
2459930,0,-27.762157221895716
932845,1,-3.7135562090734933
1914826,0,-30.310164056346267
1536280,0,-30.852140208928347
546018,0,-1.3467498606314818
256271,0,-2.4878090633509213
449411,0,-2.5870216106473487
504427,0,-2.1763316347394825
2543216,1,-4.4832255357383275
320246,0,-30.61886423723452
3673473,0,-28.16706817370843
2786620,0,-3.044060843997295
2702997,1,-3.492930155860792
1728481,0,-2.761047447176645
1741354,0,-30.039427269083244
3490017,1,-3.3079054942276565
1862890,1,-2.910313378984924
542553,1,-3.068966402775576
871013,0,-2.634207164436332
1810466,0,-30.967967401907707
1513128,0,-30.68760031848677
977311,0,-30.504028327180034
1588894,0,-2.312309059105381
2162210,0,-2.1035513204214356
927477,0,-31.048774201358484
1679184,0,-31.182726286871468
3840428,0,-30.81502194614611
3358829,0,-2.7634960717199717
700762,1,-2.4939536708693693
2393118,0,-30.80778641241037
760404,1,-3.5463147649295226
867390,1,-3.5826596291840858
3473450,0,-2.801443928127236
1822376,0,-30.950554678642664
3281226,0,-3.0028838129619584
288024,0,-2.4683605657144843
2736954,1,-3.7404764271514668
2585951,0,-1.6144095176155826
1206025,1,-3.1188680067894654
2747989,0,-2.4135699717841184
581018,0,-30.97020327652927
744087,0,-1.0026362233019526
2579539,1,-3.799360130570158
3527696,1,-3.8218685751741384
2680484,0,-1.7556566097351716
2403930,0,-3.373684163424947
1645903,0,-30.202805938410247
2847235,1,-3.883263024182106
2654544,0,-4.277852893758999
1966608,1,-3.5991892125266394
3926784,0,-31.700558899843056
1712166,0,0.42210826654226064
984981,0,-1.7198110719895536
843311,1,-3.422813823525944
849689,0,-2.238589504057428
2106255,0,-30.16875247390694
980151,0,-3.0269106709241695
3754092,0,-2.822481970335094
1214129,0,-2.5060217306948465
1549580,0,-31.57730805565226
875471,0,-31.030304163496943
3952310,1,-3.364189920365026
3316417,0,-1.6528543492503593
1156643,0,0.7152991434593565
2184276,0,-3.460288949847403
3846678,0,-30.42762074386344
1669998,0,-2.0359824007072453
2923196,0,-2.3016895869202223
228399,0,-2.700034477103542
2815882,0,-3.4231666576859223
3317511,0,-2.5030048597765258
2656267,1,-3.471352706727433
3444061,1,-3.7931139036621357
565825,1,-4.094692100710178
1566765,0,-2.360478985883897
1378694,0,-2.4639009117066255
2632295,0,-30.719155535586694
1997354,0,-2.072462726291897
852152,0,-1.997665864898316
948245,0,-1.9609905371665843
3879197,0,-30.347154518239453
1495756,0,-2.791580635823232
2905872,0,-2.7453619877885984
219845,1,-2.245414698016518
2597077,0,-29.472818057645334
3435971,0,-30.51113548755426
1862530,0,-30.727514804366912
3465803,1,-2.9232297192776544
1836149,0,-30.250019237224606
1716239,0,0.11783466388510871
3503850,1,-3.2860344533297794
3270555,0,-1.7735065074940584
3434863,0,-30.2298945459531
3676817,1,-4.307324437388428
3920180,0,-2.446923817457889
3706445,1,-2.45692581637526
2185451,0,-31.014986513496385
996691,1,-2.1313245549710915
1918435,0,-1.9297187980643753
2767096,0,-0.8681692544684443
1839831,1,-3.2959759664601798
697348,0,-2.044986994330129
2704912,0,-30.138519142229327
801094,1,-3.7088176921887017
3241356,0,-30.597501915390897
638333,0,-2.51896671199613
1156875,0,-2.3720394091953483
1194324,0,-30.25414718693885
3717419,1,-3.0842726590992178
1013188,0,-2.503717828882594
2443496,0,-2.0227298604085195
3803365,0,-29.809684634032156
3455945,0,-1.3589490275053497
285536,0,-2.4875515680375226
3889044,1,-2.428269564217812
3121169,0,-0.9548142061814584
1260706,0,-2.4494472255666615
3762404,0,-1.8126842904864127
3031319,0,-2.492308278705056
1086258,0,-2.800771656693724
988335,1,-2.510018660337757
448830,1,-3.8765026876249533
2833213,1,-2.8424658296799503
538198,0,-2.0581961959614348
410200,0,-2.2910075245841197
1956782,0,-2.8598232603178126
3276028,1,-3.0653674725041036
3257510,1,-3.341994988636857
810266,0,-30.50282483852494
2274150,1,-3.6234344197990622
3156303,0,-30.633674925084733
3181787,0,-1.432524080012247
527695,0,-2.966292853148879
1277321,0,-31.21652959689957
2253683,0,-2.4868887003173237
649921,1,-3.9775304053010805
1560341,1,-3.2343706870202262
2651057,0,-30.250625834865193
967419,0,-30.91353097765108
1643076,0,-2.442843254473297
1596427,0,-30.672101276339493
2205736,0,-2.157018766248706
3841236,0,-30.671536641547505
1165336,0,-30.24279724402248
3130170,0,-29.25511847079603
2858958,0,-2.074983206549239
2271474,0,-30.556074099174364
1751187,0,-30.215918671912856
232904,0,-2.402474320708833
3027472,0,0.11677114176325915
2415693,1,-3.4173984563839572
904045,0,0.6872147862676127
2256526,0,-2.425696970342949
996991,0,-30.592437473434504
1561518,0,-30.12754771397032
745496,0,-2.2723225806042686
3029714,0,-1.2783369214982363
858578,1,-2.156142815059897
1621456,0,-29.839800527799348
1768060,0,-30.764667237254805
3761474,1,-2.318111536808847
2035604,0,-3.2912300015173575
1565036,0,-29.379069946475784
2521021,0,-1.846014546827317
2653543,0,-30.85184584119406
1939869,1,-4.025237924690138
1687440,1,-2.801778346111476
1556980,0,-29.757816207023662
584493,0,-2.000971881195402
2985881,0,-2.4318370565860112
2571626,1,-2.993066072504134
1738592,0,-1.5722290749581667
2609047,0,-2.6937775163397606
1414646,1,-3.7524500028142076
630954,1,-3.183113787568135
2163244,0,-0.5505116279558566
383016,0,-2.7981704385607444
1338989,0,-1.7610651092790346
600077,0,-3.0922382991140887
1621210,0,-3.032885537670048
1546757,0,-2.574913138448039
2755562,0,-30.029802153216483
2656082,0,-3.0846039023530496
1961806,1,-3.9169894211429885
3186311,1,-3.676846909984339
1326652,0,-2.528452678809708
920821,0,-2.5002956357350743
1771896,0,-1.8297652843567844
1756332,1,-3.6438749298221325
2484732,0,-2.6037376966522947
2564584,1,-3.857272469442392
3503287,0,-1.6353742683878705
455437,0,-1.4111108160951074
963752,1,-3.8801378983258106
3150517,0,-30.409737519189562
3858970,0,-1.4496288083611044
3662460,0,-30.693813599783848
3106328,0,-2.98290108070399
3048611,0,-2.5651323276556393
240079,0,-30.749223489163807
1429352,0,-3.009192996256619
588917,0,-1.7679336794752682
2030979,0,-30.64533768131453
1472493,0,-2.8829082169738864
2273453,1,-3.9411321975296696
589407,0,-1.4509020108702695
734608,0,-2.7772629704747818
641189,0,-29.3282420426027
1240783,1,-3.7426234503194813
2648684,0,-27.20813196358616
2450370,0,-1.8600790946441819
3781080,0,-30.69659539577168
1643174,0,-2.324720057162826
1759568,0,-1.7030010876498156
3679833,0,-1.5679817982886113
2965829,0,-2.4718793715404117
1425939,0,-2.626724755125344
357557,1,-2.0110898382545717
3932885,0,-2.728312821751508
1721321,0,-2.723475596762597
2845116,1,-2.694390723931581
195510,0,-29.60227055770662
3283776,0,-30.584612440124886
1455797,0,-29.21042655467242
2237363,0,-30.18552273349229
2888342,1,-2.2452392226302367
2037292,0,-29.94294686476512
1014390,0,-30.534684159289913
3437634,1,-4.7684951355321665
1624727,1,-1.87381752740759
1081243,0,1.0974008663005241
545414,0,-1.9194644300100023
2026661,0,-2.975962236614114
2741529,1,-2.773146843748552
1287650,1,-3.332737925046598
1122909,0,0.9171390952456991
1326012,1,-3.8247013984817695
897940,1,-2.709253395888443
2563492,0,-3.006037434975462
1850856,0,-30.833867431448123
3847121,0,-2.8320873777007494
1943790,1,-3.216091067913935
1790227,0,-31.10259442734821
1994961,0,-30.512721288035014
587757,0,-2.57676082615648
972647,1,-2.8582709192866407
1023294,1,-2.586340042903446
1477393,0,-1.9955542257003027
1582170,1,-3.3452910989002067
3495249,1,-3.446109860094718
1008506,0,-1.7049328648990014
692474,1,-3.872673688166602
329629,0,-2.0499235001322402
2441927,0,-1.4572927505107147
2962761,0,-31.29478477268345
1788303,0,-2.725892871899229
3709957,0,-2.833188367624641
2714585,0,-2.1352590468599573
1153845,0,-2.854668704573637
1673121,0,-2.662121702376074
2429738,1,-2.927764170964303
1458100,1,-3.8077412877496086
1197555,1,-3.32105558441659
3424024,0,-2.925286370674132
1253615,0,-30.902079317408685
1613919,0,-2.6142882960121416
733669,1,-3.380231417821329
244210,1,-3.2720617474182356
1435388,0,-2.633720991916064
3546608,0,-1.9313020332704207
2681640,0,-2.7636637015868657
1064599,0,-2.3898939225086413
1328421,0,-30.75274643890569
831164,1,-3.5349234294467466
2161734,0,-2.8837526634022317
631024,0,-1.8854160242985678
261435,0,-2.25009404662198
321984,0,-30.912347404999686
1420967,1,-3.599021894591876
376878,0,-2.8352603167517567
3855654,0,-2.2570733897805324
1215440,0,-1.874283359908644
928565,1,-2.744620232119213
1966635,1,-3.102400305509165
2498906,0,-1.3794394040682514
3915059,0,-2.784674610096531
1776624,0,-2.6603583291312276
1004319,0,-1.8166982722923306
2860703,0,-1.7200560572907946
1320851,1,-2.6585315009685133
3957589,0,-3.5033042224076425
2436106,0,-29.89252809217806
2195693,1,-2.068720441050348
2568546,0,0.6295624008034459
1229509,1,-3.4768605305247684
3051099,0,-3.018639240986076
3090693,0,-0.14250508568806786
1784806,1,-2.4269412078373773
3656337,0,-2.031979207873948
2126855,0,-2.877544852170984
1680815,0,0.59038720363349
2466479,0,-2.053651703509776
1394111,1,-3.407152678639836
2893779,0,-2.357058741864855
465594,0,-2.135647410758591
2536444,1,-3.1388559712970565
967514,1,-2.809618284088959
1883028,0,-2.0661725707268497
3894721,0,-0.8454127100518554
2985387,1,-2.218189266120024
2751008,0,0.944636031711614
1734889,0,-30.41533948229281
585339,0,-2.174548223567682
577032,0,-2.025199153990529
1290061,0,-2.7122043329790437
958533,0,-31.060105443045902
1612066,0,-1.6115711520999207
1243303,0,-3.1491811796744287
587229,1,-3.744397421116101
2661872,0,-2.3616084530668737
1230019,1,-3.735363211155384
2492099,0,-30.47980124065173
1088446,0,-1.7349024229800605
464118,0,-30.540087363658866
3032225,0,-30.772343280573686
2919877,0,-2.885649021661614
374520,0,-2.259479052327376
3845265,0,-2.410028337318775
3799127,0,-30.42842651784224
3052554,0,-1.109618471011073
3250735,0,-2.297840125898185
1873541,1,-3.438294038486689
539356,0,-2.699257251752639
736493,1,-4.686468889282757
2499659,0,-2.3245103878122317
1454201,0,-2.758750360993095
731868,0,-1.902738570373222
3106067,0,-31.23515948595615
2023675,1,-3.8094052920968595
3548871,0,-2.1388359764658627
621153,0,-2.5457794069080335
1480551,1,-3.5069121119283055
2927736,0,-31.354445892472796
3067975,1,-3.50998136195092
1308109,0,-2.4042027436403206
1701912,0,-1.992704628959007
1241230,1,-3.988424829292597
2459706,1,-2.9331172445035962
1760866,0,0.7800389179976556
931998,1,-3.200006838005928
3887164,0,-29.36270863405995
1225762,1,-3.038677585571982
691223,0,-1.9515339736459085
2146005,0,-2.747997597140132
2232820,0,-2.23445565235785
3322175,0,-2.8656774189519894
304753,0,-2.988909546258041
1011548,0,-2.832739635600269
3463296,0,-2.844896599017465
3087696,0,-1.818482508905232
708729,0,-1.962485646560932
243503,0,-2.3354922104833227
2804674,1,-3.3261554402109543
802245,0,-2.0122651830244296
527109,0,-1.8591783520678646
2432540,1,-3.7648829761528364
1085477,0,1.1092674739852597
426102,0,-2.170051085746544
340086,1,-3.0555418271326698
505241,0,-2.458252764957505
2988316,0,-30.724442335638148
2879631,0,-29.816580796035165
3092909,1,-4.128748548256329
3443631,0,-2.30637298047162
3534232,0,-30.666230020866177
983449,0,-1.4740044744142184
3216921,0,-2.6392215709354208
2842214,0,-3.220287184361942
2896179,0,-2.6629131554286833
1873792,0,-2.859041501749799
3945213,0,-2.566291966806033
430226,0,-2.709814466433893
1040033,1,-2.954140862013025
1226306,0,-2.5028677964568216
3710115,1,-4.216912024655204
201294,0,-30.811097541588847
3144539,0,-2.2349485019151962
3111717,0,-2.4217036500512403
1949020,1,-3.5374586412607734
3501168,0,-2.988464440314072
3881708,0,-30.15218066126644
271702,1,-3.165772377119041
302762,1,-3.7811004983690704
2133022,0,-29.829663215457472
3405086,0,-30.513128663658982
1366404,0,-30.653257695042022
3379384,1,-3.0615748718812705
3657053,0,-2.0259391020050863
539477,0,-2.2046503521846965
3748404,0,-2.299097423094552
1900980,0,-3.0412627905831737
2988018,0,-2.048976869944375
2417947,0,-25.751734966711226
1150515,0,-1.9314557970939714
3807533,0,-0.36397528904150456
393651,0,-31.188866975706134
3868399,0,-1.9531853556043213
1247848,0,-2.308736042850666
1826258,0,-31.13813614204349
1784093,1,-3.487908079803447
2689560,0,-2.579976649339166
3527295,0,-1.0939561662029045
3117729,0,-3.043498260092837
3098265,1,-3.4942386403500727
503303,0,-1.8644600830634335
3217031,1,-3.7137810897656967
751367,0,-30.737550562026467
513570,0,-3.174428932363171
736070,0,-2.697713924003585
924653,1,-2.1663780831204864
2055959,0,-3.237466728395559
1081496,0,1.470498202160176
3913928,0,-30.9928066822872
3693491,1,-2.876617915043189
2986402,0,-2.4828063681476435
1231997,0,-29.54696310924044
1279611,1,-3.0446362922916115
413083,0,-1.3033633975666794
3467032,0,-2.2504269607438143
366930,0,-0.2520727903612665
730819,1,-3.9421635606286016
2463237,0,-29.822308291252476
3032939,0,-2.817364832866081
3145711,1,-3.9175011374155746
554140,0,-2.07373603942361
715903,1,-2.8538124645210847
485766,0,-2.4570049967382848
3441036,1,-3.8923302628793386
1144125,0,-30.281328983784313
2059630,0,-2.206369409251329
2864292,1,-3.5461585212260305
1231080,0,-3.0217306514565028
2438317,0,0.39073345580024393
742567,1,-3.743405075996537
3417882,0,-2.6289545821390057
1220803,0,-30.563872849954482
3402706,0,-1.9800103662375779
3250465,0,-2.9456267134544767
684523,0,-2.448858352047858
1037900,1,-3.634194805592747
1626607,0,-30.759031211564057
433274,1,-3.4358107287782724
964174,0,-29.455317723132595
1609022,0,-2.9775564030409494
3371530,0,-31.19884203866485
646359,0,-3.055411084432089
2792536,0,-3.184950249369045
374697,0,-1.9017375620299017
2987722,1,-3.680357493478464
3122868,1,-3.0187451198706317
3679464,1,-3.680380032651966
1786936,0,-2.863991876433704
907292,0,-30.841105882393254
2762292,0,-2.204708747036352
2174725,1,-3.2705117095237406
2141507,0,-30.79009313888268
357371,0,-1.4396087756081437
830029,0,-2.2836778696896185
1744349,1,-3.5503582878046545
1048695,1,-2.8296402788874935
1972596,0,-3.254575159568783
3904231,0,-2.1172389360562014
3727793,0,-1.6301744921131696
3318343,1,-2.1143017676534708
3957741,0,-2.5799455490729555
2549139,1,-3.272689922782662
944678,0,-2.6761812001624086
2818740,0,-3.5197363328201803
1940286,0,-1.4497364010082987
2991493,0,-2.961390399029629
528703,0,-1.260409623209732
951327,1,-3.568755375142177
561884,0,-2.6404742548555094
3155510,1,-3.422571894824629
1970767,0,-27.316946192040348
1724557,1,-4.534197627820446
1269514,1,-3.2297813632087884
2497892,1,-3.6151523904517386
3218081,0,-31.211771944654576
2040557,0,-30.24326472727609
1865925,0,-1.3781467427976404
2768010,1,-2.2993062154346857
1495349,0,-30.48248158071944
1869063,0,-2.7004048612376272
2815432,1,-2.583200597072394
1218802,0,-30.136142484137387
3429501,0,-3.4681384685245193
3056949,0,-1.654564953507018
2991360,1,-3.6942126504446313
428348,0,-2.1461411717677454
1826416,0,-2.0766937633110167
3900587,1,-2.9738918048282783
2576295,0,-2.514236855291237
3867193,0,-2.1929832600665984
1015458,1,-3.4559881622798194
2144109,0,-2.3224357408760405
2741107,1,-3.8806968061390843
2680987,0,-2.1838054618390275
933023,1,-3.7722461487127346
2012317,0,0.7676474784491202
3837055,0,-3.066930430774585
3064404,0,-3.799254150818187
307943,0,-2.0291829545715507
1482222,1,-3.260994340341211
665575,0,-2.97076511312032
3459709,0,-3.25812347721483
2057214,0,-2.515347739411172
471127,1,-3.0861168484513946
2825229,1,-2.409936807780371
1221931,0,-31.12923664471097
1893538,0,-1.9837469487692123
194325,0,-2.656409120627647
2134352,0,-1.959988882355405
2651924,1,-3.620084370238615
411584,0,-3.3967401670063637
524963,1,-3.430676221412406
2448286,1,-4.0733311685876075
3027679,1,-2.603028082146845
1585543,0,-2.471957538610947
1388217,0,-2.634559167060083
3495710,1,-3.260705429230286
3957300,0,-2.7547940358108765
2122835,0,-1.6230788581801823
3160715,1,-3.70539202178988
3390678,0,-30.550736125429903
1778872,1,-3.5713029116853954
3923684,1,-4.581294926694617
2199374,0,-1.2827715614561124
3548914,1,-3.3896689440626604
1976457,0,-29.66307729154261
2818526,1,-2.5231556854484225
2815502,1,-2.3111557164283574
1388443,1,-3.495658640887655
309873,0,-2.766494467572364
1082330,0,-2.23947124070659
1539622,0,-2.072496719015921
2484903,0,-1.6173428601153232
2537743,0,-1.4011391591690652
735726,1,-2.8490916176166228
3182158,1,-2.819353922797029
1943050,1,-3.2529333832890694
3096008,0,-2.4713964860634974
3404618,0,-2.4208026988325293
3219767,1,-3.7018375469412415
3283834,1,-4.061962080368158
2282855,0,-3.646408495949998
1327574,1,-3.0442612192068124
2709001,0,-2.480254104306098
631321,1,-3.469603411489163
3310311,0,-2.668406222579155
2837068,0,-1.212349827843482
658221,0,-1.3773853725437037
1369579,0,-3.000630426063065
2819731,0,-2.199286749553005
3461891,0,-2.8773415042338777
1478369,0,-1.1978218160457677
3019839,0,-3.4263224251365245
1033820,0,2.068124272226748
2157413,1,-2.3295071201954585
1893304,0,-26.814638098925855
1276164,0,-2.9631376931129476
2738501,1,-4.057388522924856
3678834,0,-29.82909900298118
958220,1,-3.0612739869325436
2605755,0,-29.710226050798468
221498,0,-3.153756415870806
3807463,0,-30.71477885658385
3213444,1,-3.7633404571048823
1273496,0,-2.7578505654815424
1352758,0,-30.450063345898627
1948225,0,1.480490779275486
234456,0,-31.11237840981638
1073785,1,-3.8058882402337355
3328046,0,-2.7417066621312434
3780370,0,-2.1674253874691476
1567138,0,-1.7892977012115743
336284,0,-2.1867454288304082
1976701,1,-4.209031133316227
1247528,0,-3.0032991224425736
3793355,0,-1.2473387867613246
496244,0,1.0746668986088879
2856399,1,-3.2488851017181877
2596659,0,0.8066016096377238
2630202,0,-30.97993710811537
207460,1,-3.4554116604255674
861160,0,-30.05574768829258
1727903,0,-1.85255248946451
1891512,0,-1.5260470825040753
805799,1,-4.1149811564256815
946622,0,-30.11932335706451
3124933,0,-2.524997633586509
1731767,0,-0.5251983537649947
2823009,0,-1.7207845449630936
462231,0,-2.5235748406181218
3320225,0,-30.60488915347215
2700102,1,-2.8626270976604244
3524385,0,-30.771807664222436
2611724,1,-3.9773261217975135
2154742,0,-31.303312684628306
2736221,1,-3.3136120796743307
2685102,0,-2.3304920949069223
1564921,1,-3.6007817950065566
1825047,1,-3.5505583167818
2047929,0,-1.9946533726286582
3938912,1,-3.5352984726983743
3689881,0,-30.878827714139614
2235263,0,-2.4901487262069226
2748477,0,-3.094726911403776
1676373,1,-4.145712501717444
2136713,0,-30.640926844746815
399782,0,-1.4523526997250005
227811,1,-3.3197504137699805
1639430,0,-2.4246383456987717
245520,1,-3.2821365968240026
3328400,1,-2.7840359452444043
3367942,1,-3.8220882149898783
1876643,0,-2.712374774676606
3944468,0,-30.53738662954322
1271753,1,-3.173810129380548
1435445,1,-4.129170263753766
2169447,0,-2.792304972786339
351140,1,-2.319719057309802
3141246,0,-30.458842176164783
1016524,0,-30.726010816783482
2246241,0,-2.5019792708523214
382140,1,-2.6591764334516284
659116,1,-2.7585435091501074
2864052,0,-3.0417151903073276
1245236,1,-3.087690951949339
938532,1,-2.4969960440592254
1913959,0,-2.126719847759465
872944,0,-30.219240611114927
3868251,0,-30.2772572943941
1405736,0,-2.319595072276817
708188,0,-2.3081417742720745
1707254,0,-30.625980241983317
3360177,1,-3.1942245977994044
1143826,0,1.3357141577436207
3033144,1,-4.26133796972903
1167490,0,-1.164304236158114
3800005,0,-2.0375214689300702
1790319,0,-2.6017314266073295
1544695,1,-2.8595600929644647
2683290,1,-3.9878502355914414
3685758,1,-3.64332558204235
1611572,1,-3.3485897650994247
3726362,0,-30.558160976329987
3717357,0,-30.32983402610977
3897126,0,-1.7402359077174792
406451,0,-1.837924790802851
2643893,0,-1.6636456392798773
1438729,0,-29.960712805811145
3374426,1,-3.1639476487323503
2244941,0,-2.444179190262959
